2.000000000000000000e+00
3.000000000000000000e+00
1.000000000000000000e+01
1.400000000000000000e+01
1.700000000000000000e+01
2.200000000000000000e+01
2.300000000000000000e+01
2.600000000000000000e+01
2.800000000000000000e+01
3.600000000000000000e+01
4.000000000000000000e+01
4.300000000000000000e+01
4.500000000000000000e+01
4.900000000000000000e+01
5.200000000000000000e+01
5.400000000000000000e+01
5.600000000000000000e+01
5.800000000000000000e+01
5.900000000000000000e+01
6.300000000000000000e+01
6.500000000000000000e+01
6.600000000000000000e+01
6.800000000000000000e+01
8.000000000000000000e+01
8.700000000000000000e+01
9.100000000000000000e+01
9.300000000000000000e+01
9.400000000000000000e+01
9.500000000000000000e+01
9.600000000000000000e+01
9.700000000000000000e+01
1.030000000000000000e+02
1.040000000000000000e+02
1.060000000000000000e+02
1.070000000000000000e+02
1.100000000000000000e+02
1.110000000000000000e+02
1.120000000000000000e+02
1.140000000000000000e+02
1.160000000000000000e+02
1.220000000000000000e+02
1.280000000000000000e+02
1.290000000000000000e+02
1.320000000000000000e+02
1.330000000000000000e+02
1.340000000000000000e+02
1.360000000000000000e+02
1.380000000000000000e+02
1.390000000000000000e+02
1.410000000000000000e+02
1.430000000000000000e+02
1.470000000000000000e+02
1.490000000000000000e+02
1.500000000000000000e+02
1.530000000000000000e+02
1.560000000000000000e+02
1.590000000000000000e+02
1.620000000000000000e+02
1.640000000000000000e+02
1.670000000000000000e+02
1.690000000000000000e+02
1.720000000000000000e+02
1.730000000000000000e+02
1.750000000000000000e+02
1.770000000000000000e+02
1.790000000000000000e+02
1.810000000000000000e+02
1.820000000000000000e+02
1.860000000000000000e+02
1.890000000000000000e+02
1.900000000000000000e+02
1.930000000000000000e+02
1.950000000000000000e+02
1.970000000000000000e+02
1.990000000000000000e+02
2.000000000000000000e+02
2.020000000000000000e+02
2.050000000000000000e+02
2.080000000000000000e+02
2.100000000000000000e+02
2.110000000000000000e+02
2.130000000000000000e+02
2.140000000000000000e+02
2.150000000000000000e+02
2.170000000000000000e+02
2.190000000000000000e+02
2.230000000000000000e+02
2.310000000000000000e+02
2.340000000000000000e+02
2.360000000000000000e+02
2.370000000000000000e+02
2.380000000000000000e+02
2.420000000000000000e+02
2.480000000000000000e+02
2.490000000000000000e+02
2.520000000000000000e+02
2.540000000000000000e+02
2.550000000000000000e+02
2.580000000000000000e+02
2.590000000000000000e+02
2.600000000000000000e+02
2.610000000000000000e+02
2.640000000000000000e+02
2.690000000000000000e+02
2.790000000000000000e+02
2.860000000000000000e+02
2.870000000000000000e+02
2.890000000000000000e+02
2.900000000000000000e+02
2.950000000000000000e+02
2.990000000000000000e+02
3.000000000000000000e+02
3.020000000000000000e+02
3.030000000000000000e+02
3.060000000000000000e+02
3.100000000000000000e+02
3.150000000000000000e+02
3.180000000000000000e+02
3.200000000000000000e+02
3.230000000000000000e+02
3.240000000000000000e+02
3.250000000000000000e+02
3.260000000000000000e+02
3.280000000000000000e+02
3.340000000000000000e+02
3.350000000000000000e+02
3.360000000000000000e+02
3.430000000000000000e+02
3.460000000000000000e+02
3.470000000000000000e+02
3.480000000000000000e+02
3.500000000000000000e+02
3.540000000000000000e+02
3.550000000000000000e+02
3.580000000000000000e+02
3.660000000000000000e+02
3.670000000000000000e+02
3.680000000000000000e+02
3.690000000000000000e+02
3.750000000000000000e+02
3.760000000000000000e+02
3.800000000000000000e+02
3.820000000000000000e+02
3.830000000000000000e+02
3.840000000000000000e+02
3.890000000000000000e+02
3.920000000000000000e+02
3.980000000000000000e+02
4.010000000000000000e+02
4.030000000000000000e+02
4.040000000000000000e+02
4.070000000000000000e+02
4.140000000000000000e+02
4.160000000000000000e+02
4.200000000000000000e+02
4.250000000000000000e+02
4.290000000000000000e+02
4.320000000000000000e+02
4.330000000000000000e+02
4.360000000000000000e+02
4.370000000000000000e+02
4.380000000000000000e+02
4.430000000000000000e+02
4.440000000000000000e+02
4.450000000000000000e+02
4.460000000000000000e+02
4.470000000000000000e+02
4.520000000000000000e+02
4.530000000000000000e+02
4.550000000000000000e+02
4.560000000000000000e+02
4.570000000000000000e+02
4.580000000000000000e+02
4.600000000000000000e+02
4.610000000000000000e+02
4.650000000000000000e+02
4.660000000000000000e+02
4.670000000000000000e+02
4.680000000000000000e+02
4.700000000000000000e+02
4.710000000000000000e+02
4.730000000000000000e+02
4.740000000000000000e+02
4.760000000000000000e+02
4.770000000000000000e+02
4.780000000000000000e+02
4.800000000000000000e+02
4.810000000000000000e+02
4.820000000000000000e+02
4.830000000000000000e+02
4.840000000000000000e+02
4.850000000000000000e+02
4.880000000000000000e+02
4.900000000000000000e+02
4.920000000000000000e+02
4.940000000000000000e+02
4.950000000000000000e+02
4.960000000000000000e+02
4.970000000000000000e+02
5.000000000000000000e+02
5.010000000000000000e+02
5.020000000000000000e+02
5.030000000000000000e+02
5.040000000000000000e+02
5.070000000000000000e+02
5.080000000000000000e+02
5.090000000000000000e+02
5.180000000000000000e+02
5.200000000000000000e+02
5.220000000000000000e+02
5.240000000000000000e+02
5.280000000000000000e+02
5.290000000000000000e+02
5.300000000000000000e+02
5.320000000000000000e+02
5.330000000000000000e+02
5.340000000000000000e+02
5.400000000000000000e+02
5.440000000000000000e+02
5.450000000000000000e+02
5.460000000000000000e+02
5.530000000000000000e+02
5.550000000000000000e+02
5.560000000000000000e+02
5.580000000000000000e+02
5.600000000000000000e+02
5.640000000000000000e+02
5.670000000000000000e+02
5.680000000000000000e+02
5.690000000000000000e+02
5.700000000000000000e+02
5.710000000000000000e+02
5.720000000000000000e+02
5.730000000000000000e+02
5.750000000000000000e+02
5.790000000000000000e+02
5.800000000000000000e+02
5.810000000000000000e+02
5.820000000000000000e+02
5.850000000000000000e+02
5.890000000000000000e+02
5.910000000000000000e+02
5.930000000000000000e+02
5.940000000000000000e+02
5.950000000000000000e+02
5.960000000000000000e+02
5.980000000000000000e+02
5.990000000000000000e+02
6.020000000000000000e+02
6.030000000000000000e+02
6.060000000000000000e+02
6.070000000000000000e+02
6.080000000000000000e+02
6.110000000000000000e+02
6.150000000000000000e+02
6.160000000000000000e+02
6.210000000000000000e+02
6.260000000000000000e+02
6.270000000000000000e+02
6.290000000000000000e+02
6.300000000000000000e+02
6.310000000000000000e+02
6.360000000000000000e+02
6.370000000000000000e+02
6.380000000000000000e+02
6.390000000000000000e+02
6.430000000000000000e+02
6.440000000000000000e+02
6.450000000000000000e+02
6.460000000000000000e+02
6.500000000000000000e+02
6.510000000000000000e+02
6.520000000000000000e+02
6.530000000000000000e+02
6.540000000000000000e+02
6.560000000000000000e+02
6.570000000000000000e+02
6.590000000000000000e+02
6.610000000000000000e+02
6.620000000000000000e+02
6.630000000000000000e+02
6.640000000000000000e+02
6.680000000000000000e+02
6.700000000000000000e+02
6.710000000000000000e+02
6.720000000000000000e+02
6.730000000000000000e+02
6.740000000000000000e+02
6.750000000000000000e+02
6.770000000000000000e+02
6.810000000000000000e+02
6.850000000000000000e+02
6.880000000000000000e+02
6.920000000000000000e+02
6.970000000000000000e+02
7.030000000000000000e+02
7.060000000000000000e+02
7.080000000000000000e+02
7.100000000000000000e+02
7.110000000000000000e+02
7.120000000000000000e+02
7.130000000000000000e+02
7.140000000000000000e+02
7.170000000000000000e+02
7.190000000000000000e+02
7.210000000000000000e+02
7.220000000000000000e+02
7.230000000000000000e+02
7.270000000000000000e+02
7.280000000000000000e+02
7.300000000000000000e+02
7.310000000000000000e+02
7.320000000000000000e+02
7.340000000000000000e+02
7.350000000000000000e+02
7.360000000000000000e+02
7.380000000000000000e+02
7.390000000000000000e+02
7.400000000000000000e+02
7.410000000000000000e+02
7.420000000000000000e+02
7.430000000000000000e+02
7.440000000000000000e+02
7.460000000000000000e+02
7.470000000000000000e+02
7.500000000000000000e+02
7.510000000000000000e+02
7.530000000000000000e+02
7.570000000000000000e+02
7.600000000000000000e+02
7.610000000000000000e+02
7.620000000000000000e+02
7.630000000000000000e+02
7.650000000000000000e+02
7.670000000000000000e+02
7.680000000000000000e+02
7.690000000000000000e+02
7.720000000000000000e+02
7.730000000000000000e+02
7.750000000000000000e+02
7.760000000000000000e+02
7.770000000000000000e+02
7.780000000000000000e+02
7.800000000000000000e+02
7.840000000000000000e+02
7.860000000000000000e+02
7.870000000000000000e+02
7.880000000000000000e+02
7.900000000000000000e+02
7.910000000000000000e+02
7.980000000000000000e+02
7.990000000000000000e+02
8.010000000000000000e+02
8.020000000000000000e+02
8.030000000000000000e+02
8.070000000000000000e+02
8.110000000000000000e+02
8.140000000000000000e+02
8.160000000000000000e+02
8.190000000000000000e+02
8.230000000000000000e+02
8.240000000000000000e+02
8.250000000000000000e+02
8.260000000000000000e+02
8.270000000000000000e+02
8.290000000000000000e+02
8.300000000000000000e+02
8.320000000000000000e+02
8.330000000000000000e+02
8.350000000000000000e+02
8.370000000000000000e+02
8.390000000000000000e+02
8.400000000000000000e+02
8.420000000000000000e+02
8.440000000000000000e+02
8.450000000000000000e+02
8.460000000000000000e+02
8.480000000000000000e+02
8.490000000000000000e+02
8.510000000000000000e+02
8.530000000000000000e+02
8.550000000000000000e+02
8.600000000000000000e+02
8.610000000000000000e+02
8.650000000000000000e+02
8.670000000000000000e+02
8.690000000000000000e+02
8.710000000000000000e+02
8.720000000000000000e+02
8.840000000000000000e+02
8.850000000000000000e+02
8.860000000000000000e+02
8.910000000000000000e+02
8.960000000000000000e+02
8.970000000000000000e+02
8.980000000000000000e+02
9.010000000000000000e+02
9.080000000000000000e+02
9.120000000000000000e+02
9.130000000000000000e+02
9.140000000000000000e+02
9.160000000000000000e+02
9.180000000000000000e+02
9.240000000000000000e+02
9.290000000000000000e+02
9.300000000000000000e+02
9.330000000000000000e+02
9.340000000000000000e+02
9.350000000000000000e+02
9.370000000000000000e+02
9.400000000000000000e+02
9.410000000000000000e+02
9.460000000000000000e+02
9.480000000000000000e+02
9.510000000000000000e+02
9.540000000000000000e+02
9.550000000000000000e+02
9.560000000000000000e+02
9.610000000000000000e+02
9.670000000000000000e+02
9.690000000000000000e+02
9.720000000000000000e+02
9.790000000000000000e+02
9.810000000000000000e+02
9.850000000000000000e+02
9.910000000000000000e+02
9.920000000000000000e+02
9.930000000000000000e+02
9.940000000000000000e+02
9.950000000000000000e+02
9.970000000000000000e+02
9.980000000000000000e+02
9.990000000000000000e+02
1.006000000000000000e+03
1.007000000000000000e+03
1.011000000000000000e+03
1.027000000000000000e+03
1.028000000000000000e+03
1.032000000000000000e+03
1.034000000000000000e+03
1.036000000000000000e+03
1.038000000000000000e+03
1.054000000000000000e+03
1.057000000000000000e+03
1.064000000000000000e+03
1.067000000000000000e+03
1.068000000000000000e+03
1.069000000000000000e+03
1.070000000000000000e+03
1.071000000000000000e+03
1.089000000000000000e+03
1.090000000000000000e+03
1.092000000000000000e+03
1.102000000000000000e+03
1.104000000000000000e+03
1.121000000000000000e+03
1.123000000000000000e+03
1.124000000000000000e+03
1.132000000000000000e+03
1.142000000000000000e+03
1.155000000000000000e+03
1.156000000000000000e+03
1.158000000000000000e+03
1.163000000000000000e+03
1.167000000000000000e+03
1.168000000000000000e+03
1.170000000000000000e+03
1.173000000000000000e+03
1.175000000000000000e+03
1.179000000000000000e+03
1.180000000000000000e+03
1.181000000000000000e+03
1.192000000000000000e+03
1.193000000000000000e+03
1.195000000000000000e+03
1.201000000000000000e+03
1.214000000000000000e+03
1.216000000000000000e+03
1.218000000000000000e+03
1.219000000000000000e+03
1.227000000000000000e+03
1.229000000000000000e+03
1.231000000000000000e+03
1.236000000000000000e+03
1.238000000000000000e+03
1.239000000000000000e+03
1.242000000000000000e+03
1.244000000000000000e+03
1.248000000000000000e+03
1.252000000000000000e+03
1.256000000000000000e+03
1.257000000000000000e+03
1.262000000000000000e+03
1.266000000000000000e+03
1.268000000000000000e+03
1.269000000000000000e+03
1.271000000000000000e+03
1.272000000000000000e+03
1.273000000000000000e+03
1.274000000000000000e+03
1.279000000000000000e+03
1.280000000000000000e+03
1.284000000000000000e+03
1.293000000000000000e+03
1.304000000000000000e+03
1.306000000000000000e+03
1.307000000000000000e+03
1.309000000000000000e+03
1.316000000000000000e+03
1.324000000000000000e+03
1.335000000000000000e+03
1.337000000000000000e+03
1.340000000000000000e+03
1.346000000000000000e+03
1.357000000000000000e+03
1.363000000000000000e+03
1.365000000000000000e+03
1.375000000000000000e+03
1.384000000000000000e+03
1.401000000000000000e+03
1.408000000000000000e+03
1.411000000000000000e+03
1.416000000000000000e+03
1.419000000000000000e+03
1.420000000000000000e+03
1.428000000000000000e+03
1.429000000000000000e+03
1.431000000000000000e+03
1.432000000000000000e+03
1.437000000000000000e+03
1.442000000000000000e+03
1.445000000000000000e+03
1.446000000000000000e+03
1.453000000000000000e+03
1.457000000000000000e+03
1.470000000000000000e+03
1.476000000000000000e+03
1.478000000000000000e+03
1.486000000000000000e+03
1.500000000000000000e+03
1.502000000000000000e+03
1.504000000000000000e+03
1.506000000000000000e+03
1.514000000000000000e+03
1.515000000000000000e+03
1.519000000000000000e+03
1.524000000000000000e+03
1.528000000000000000e+03
1.529000000000000000e+03
1.532000000000000000e+03
1.533000000000000000e+03
1.537000000000000000e+03
1.541000000000000000e+03
1.548000000000000000e+03
1.549000000000000000e+03
1.550000000000000000e+03
1.552000000000000000e+03
1.554000000000000000e+03
1.555000000000000000e+03
1.560000000000000000e+03
1.562000000000000000e+03
1.567000000000000000e+03
1.569000000000000000e+03
1.570000000000000000e+03
1.571000000000000000e+03
1.577000000000000000e+03
1.579000000000000000e+03
1.581000000000000000e+03
1.585000000000000000e+03
1.590000000000000000e+03
1.591000000000000000e+03
1.592000000000000000e+03
1.593000000000000000e+03
1.597000000000000000e+03
1.601000000000000000e+03
1.602000000000000000e+03
1.605000000000000000e+03
1.606000000000000000e+03
1.607000000000000000e+03
1.609000000000000000e+03
1.611000000000000000e+03
1.612000000000000000e+03
1.614000000000000000e+03
1.615000000000000000e+03
1.617000000000000000e+03
1.619000000000000000e+03
1.622000000000000000e+03
1.624000000000000000e+03
1.628000000000000000e+03
1.631000000000000000e+03
1.635000000000000000e+03
1.639000000000000000e+03
1.640000000000000000e+03
1.643000000000000000e+03
1.644000000000000000e+03
1.645000000000000000e+03
1.649000000000000000e+03
1.652000000000000000e+03
1.653000000000000000e+03
1.654000000000000000e+03
1.667000000000000000e+03
1.673000000000000000e+03
1.676000000000000000e+03
1.677000000000000000e+03
1.679000000000000000e+03
1.682000000000000000e+03
1.685000000000000000e+03
1.687000000000000000e+03
1.688000000000000000e+03
1.689000000000000000e+03
1.690000000000000000e+03
1.691000000000000000e+03
1.692000000000000000e+03
1.696000000000000000e+03
1.704000000000000000e+03
1.707000000000000000e+03
1.708000000000000000e+03
1.709000000000000000e+03
1.710000000000000000e+03
1.712000000000000000e+03
1.713000000000000000e+03
1.714000000000000000e+03
1.715000000000000000e+03
1.716000000000000000e+03
1.719000000000000000e+03
1.720000000000000000e+03
1.721000000000000000e+03
1.723000000000000000e+03
1.725000000000000000e+03
1.727000000000000000e+03
1.728000000000000000e+03
1.732000000000000000e+03
1.733000000000000000e+03
1.735000000000000000e+03
1.736000000000000000e+03
1.738000000000000000e+03
1.741000000000000000e+03
1.745000000000000000e+03
1.746000000000000000e+03
1.748000000000000000e+03
1.750000000000000000e+03
1.751000000000000000e+03
1.752000000000000000e+03
1.755000000000000000e+03
1.759000000000000000e+03
1.764000000000000000e+03
1.765000000000000000e+03
1.767000000000000000e+03
1.768000000000000000e+03
1.770000000000000000e+03
1.771000000000000000e+03
1.772000000000000000e+03
1.773000000000000000e+03
1.779000000000000000e+03
1.782000000000000000e+03
1.786000000000000000e+03
1.787000000000000000e+03
1.788000000000000000e+03
1.789000000000000000e+03
1.790000000000000000e+03
1.791000000000000000e+03
1.792000000000000000e+03
1.794000000000000000e+03
1.795000000000000000e+03
1.796000000000000000e+03
1.797000000000000000e+03
1.802000000000000000e+03
1.803000000000000000e+03
1.804000000000000000e+03
1.807000000000000000e+03
1.809000000000000000e+03
1.810000000000000000e+03
1.813000000000000000e+03
1.822000000000000000e+03
1.823000000000000000e+03
1.830000000000000000e+03
1.832000000000000000e+03
1.846000000000000000e+03
1.848000000000000000e+03
1.856000000000000000e+03
1.862000000000000000e+03
1.864000000000000000e+03
1.865000000000000000e+03
1.866000000000000000e+03
1.867000000000000000e+03
1.872000000000000000e+03
1.875000000000000000e+03
1.877000000000000000e+03
1.879000000000000000e+03
1.882000000000000000e+03
1.884000000000000000e+03
1.890000000000000000e+03
1.893000000000000000e+03
1.895000000000000000e+03
1.898000000000000000e+03
1.905000000000000000e+03
1.909000000000000000e+03
1.911000000000000000e+03
1.914000000000000000e+03
1.915000000000000000e+03
1.916000000000000000e+03
1.918000000000000000e+03
1.922000000000000000e+03
1.926000000000000000e+03
1.928000000000000000e+03
1.930000000000000000e+03
1.932000000000000000e+03
1.933000000000000000e+03
1.935000000000000000e+03
1.936000000000000000e+03
1.937000000000000000e+03
1.938000000000000000e+03
1.940000000000000000e+03
1.941000000000000000e+03
1.944000000000000000e+03
1.945000000000000000e+03
1.946000000000000000e+03
1.948000000000000000e+03
1.949000000000000000e+03
1.950000000000000000e+03
1.953000000000000000e+03
1.957000000000000000e+03
1.959000000000000000e+03
1.960000000000000000e+03
1.961000000000000000e+03
1.962000000000000000e+03
1.965000000000000000e+03
1.968000000000000000e+03
1.969000000000000000e+03
1.971000000000000000e+03
1.973000000000000000e+03
1.974000000000000000e+03
1.976000000000000000e+03
1.986000000000000000e+03
1.991000000000000000e+03
1.992000000000000000e+03
1.993000000000000000e+03
2.003000000000000000e+03
2.015000000000000000e+03
2.017000000000000000e+03
2.019000000000000000e+03
2.021000000000000000e+03
2.023000000000000000e+03
2.029000000000000000e+03
2.030000000000000000e+03
2.043000000000000000e+03
2.047000000000000000e+03
2.052000000000000000e+03
2.054000000000000000e+03
2.059000000000000000e+03
2.063000000000000000e+03
2.067000000000000000e+03
2.068000000000000000e+03
2.072000000000000000e+03
2.075000000000000000e+03
2.076000000000000000e+03
2.077000000000000000e+03
2.078000000000000000e+03
2.079000000000000000e+03
2.080000000000000000e+03
2.081000000000000000e+03
2.082000000000000000e+03
2.086000000000000000e+03
2.091000000000000000e+03
2.092000000000000000e+03
2.097000000000000000e+03
2.098000000000000000e+03
2.100000000000000000e+03
2.102000000000000000e+03
2.103000000000000000e+03
2.104000000000000000e+03
2.108000000000000000e+03
2.110000000000000000e+03
2.112000000000000000e+03
2.116000000000000000e+03
2.121000000000000000e+03
2.123000000000000000e+03
2.125000000000000000e+03
2.128000000000000000e+03
2.131000000000000000e+03
2.133000000000000000e+03
2.138000000000000000e+03
2.145000000000000000e+03
2.149000000000000000e+03
2.155000000000000000e+03
2.157000000000000000e+03
2.159000000000000000e+03
2.161000000000000000e+03
2.165000000000000000e+03
2.167000000000000000e+03
2.170000000000000000e+03
2.171000000000000000e+03
2.173000000000000000e+03
2.174000000000000000e+03
2.175000000000000000e+03
2.180000000000000000e+03
2.182000000000000000e+03
2.185000000000000000e+03
2.187000000000000000e+03
2.190000000000000000e+03
2.193000000000000000e+03
2.196000000000000000e+03
2.197000000000000000e+03
2.198000000000000000e+03
2.199000000000000000e+03
2.200000000000000000e+03
2.205000000000000000e+03
2.207000000000000000e+03
2.209000000000000000e+03
2.214000000000000000e+03
2.215000000000000000e+03
2.223000000000000000e+03
2.224000000000000000e+03
2.226000000000000000e+03
2.227000000000000000e+03
2.229000000000000000e+03
2.231000000000000000e+03
2.235000000000000000e+03
2.237000000000000000e+03
2.239000000000000000e+03
2.243000000000000000e+03
2.246000000000000000e+03
2.250000000000000000e+03
2.252000000000000000e+03
2.253000000000000000e+03
2.254000000000000000e+03
2.256000000000000000e+03
2.257000000000000000e+03
2.258000000000000000e+03
2.267000000000000000e+03
2.268000000000000000e+03
2.270000000000000000e+03
2.272000000000000000e+03
2.273000000000000000e+03
2.274000000000000000e+03
2.275000000000000000e+03
2.277000000000000000e+03
2.279000000000000000e+03
2.280000000000000000e+03
2.283000000000000000e+03
2.285000000000000000e+03
2.288000000000000000e+03
2.289000000000000000e+03
2.290000000000000000e+03
2.293000000000000000e+03
2.296000000000000000e+03
2.299000000000000000e+03
2.300000000000000000e+03
2.302000000000000000e+03
2.303000000000000000e+03
2.306000000000000000e+03
2.308000000000000000e+03
2.310000000000000000e+03
2.311000000000000000e+03
2.318000000000000000e+03
2.319000000000000000e+03
2.320000000000000000e+03
2.321000000000000000e+03
2.324000000000000000e+03
2.325000000000000000e+03
2.326000000000000000e+03
2.329000000000000000e+03
2.331000000000000000e+03
2.332000000000000000e+03
2.333000000000000000e+03
2.337000000000000000e+03
2.339000000000000000e+03
2.340000000000000000e+03
2.341000000000000000e+03
2.344000000000000000e+03
2.345000000000000000e+03
2.347000000000000000e+03
2.352000000000000000e+03
2.356000000000000000e+03
2.357000000000000000e+03
2.358000000000000000e+03
2.360000000000000000e+03
2.361000000000000000e+03
2.362000000000000000e+03
2.364000000000000000e+03
2.366000000000000000e+03
2.367000000000000000e+03
2.368000000000000000e+03
2.369000000000000000e+03
2.372000000000000000e+03
2.373000000000000000e+03
2.374000000000000000e+03
2.375000000000000000e+03
2.376000000000000000e+03
2.377000000000000000e+03
2.378000000000000000e+03
2.380000000000000000e+03
2.381000000000000000e+03
2.383000000000000000e+03
2.384000000000000000e+03
2.385000000000000000e+03
2.386000000000000000e+03
2.387000000000000000e+03
2.388000000000000000e+03
2.390000000000000000e+03
2.394000000000000000e+03
2.396000000000000000e+03
2.398000000000000000e+03
2.399000000000000000e+03
2.401000000000000000e+03
2.402000000000000000e+03
2.403000000000000000e+03
2.404000000000000000e+03
2.405000000000000000e+03
2.406000000000000000e+03
2.407000000000000000e+03
2.413000000000000000e+03
2.419000000000000000e+03
2.421000000000000000e+03
2.426000000000000000e+03
2.427000000000000000e+03
2.431000000000000000e+03
2.433000000000000000e+03
2.434000000000000000e+03
2.439000000000000000e+03
2.443000000000000000e+03
2.446000000000000000e+03
2.450000000000000000e+03
2.454000000000000000e+03
2.457000000000000000e+03
2.468000000000000000e+03
2.475000000000000000e+03
2.477000000000000000e+03
2.479000000000000000e+03
2.483000000000000000e+03
2.484000000000000000e+03
2.488000000000000000e+03
2.507000000000000000e+03
2.509000000000000000e+03
2.510000000000000000e+03
2.512000000000000000e+03
2.513000000000000000e+03
2.516000000000000000e+03
2.524000000000000000e+03
2.526000000000000000e+03
2.528000000000000000e+03
2.534000000000000000e+03
2.537000000000000000e+03
2.538000000000000000e+03
2.539000000000000000e+03
2.543000000000000000e+03
2.545000000000000000e+03
2.546000000000000000e+03
2.548000000000000000e+03
2.551000000000000000e+03
2.562000000000000000e+03
2.566000000000000000e+03
2.567000000000000000e+03
2.570000000000000000e+03
2.574000000000000000e+03
2.578000000000000000e+03
2.580000000000000000e+03
2.593000000000000000e+03
2.595000000000000000e+03
2.602000000000000000e+03
2.604000000000000000e+03
2.606000000000000000e+03
2.625000000000000000e+03
2.627000000000000000e+03
2.628000000000000000e+03
2.631000000000000000e+03
2.633000000000000000e+03
2.635000000000000000e+03
2.636000000000000000e+03
2.644000000000000000e+03
2.647000000000000000e+03
2.653000000000000000e+03
2.658000000000000000e+03
2.661000000000000000e+03
2.664000000000000000e+03
2.665000000000000000e+03
2.672000000000000000e+03
2.673000000000000000e+03
2.678000000000000000e+03
2.679000000000000000e+03
2.680000000000000000e+03
2.684000000000000000e+03
2.687000000000000000e+03
2.688000000000000000e+03
2.690000000000000000e+03
2.694000000000000000e+03
2.700000000000000000e+03
2.702000000000000000e+03
2.708000000000000000e+03
2.715000000000000000e+03
2.716000000000000000e+03
2.717000000000000000e+03
2.721000000000000000e+03
2.723000000000000000e+03
2.726000000000000000e+03
2.739000000000000000e+03
2.743000000000000000e+03
2.746000000000000000e+03
2.750000000000000000e+03
2.751000000000000000e+03
2.752000000000000000e+03
2.757000000000000000e+03
2.767000000000000000e+03
2.770000000000000000e+03
2.782000000000000000e+03
2.783000000000000000e+03
2.787000000000000000e+03
2.790000000000000000e+03
2.796000000000000000e+03
2.798000000000000000e+03
2.802000000000000000e+03
2.804000000000000000e+03
2.807000000000000000e+03
2.809000000000000000e+03
2.810000000000000000e+03
2.813000000000000000e+03
2.816000000000000000e+03
2.818000000000000000e+03
2.820000000000000000e+03
2.822000000000000000e+03
2.823000000000000000e+03
2.824000000000000000e+03
2.827000000000000000e+03
2.828000000000000000e+03
2.831000000000000000e+03
2.832000000000000000e+03
2.834000000000000000e+03
2.835000000000000000e+03
2.846000000000000000e+03
2.851000000000000000e+03
2.853000000000000000e+03
2.857000000000000000e+03
2.858000000000000000e+03
2.859000000000000000e+03
2.861000000000000000e+03
2.865000000000000000e+03
2.870000000000000000e+03
2.873000000000000000e+03
2.877000000000000000e+03
2.881000000000000000e+03
2.884000000000000000e+03
2.885000000000000000e+03
2.887000000000000000e+03
2.891000000000000000e+03
2.895000000000000000e+03
2.896000000000000000e+03
2.902000000000000000e+03
2.904000000000000000e+03
2.905000000000000000e+03
2.906000000000000000e+03
2.911000000000000000e+03
2.917000000000000000e+03
2.919000000000000000e+03
2.922000000000000000e+03
2.923000000000000000e+03
2.924000000000000000e+03
2.925000000000000000e+03
2.926000000000000000e+03
2.927000000000000000e+03
2.930000000000000000e+03
2.931000000000000000e+03
2.933000000000000000e+03
2.934000000000000000e+03
2.949000000000000000e+03
2.950000000000000000e+03
2.955000000000000000e+03
2.957000000000000000e+03
2.960000000000000000e+03
2.961000000000000000e+03
2.962000000000000000e+03
2.964000000000000000e+03
2.969000000000000000e+03
2.970000000000000000e+03
2.977000000000000000e+03
2.979000000000000000e+03
2.980000000000000000e+03
2.981000000000000000e+03
2.983000000000000000e+03
2.985000000000000000e+03
2.987000000000000000e+03
2.988000000000000000e+03
2.989000000000000000e+03
2.991000000000000000e+03
2.994000000000000000e+03
2.995000000000000000e+03
2.996000000000000000e+03
2.998000000000000000e+03
2.999000000000000000e+03
3.002000000000000000e+03
3.005000000000000000e+03
3.006000000000000000e+03
3.007000000000000000e+03
3.008000000000000000e+03
3.009000000000000000e+03
3.010000000000000000e+03
3.011000000000000000e+03
3.014000000000000000e+03
3.018000000000000000e+03
3.019000000000000000e+03
3.020000000000000000e+03
3.021000000000000000e+03
3.023000000000000000e+03
3.024000000000000000e+03
3.027000000000000000e+03
3.029000000000000000e+03
3.033000000000000000e+03
3.035000000000000000e+03
3.036000000000000000e+03
3.038000000000000000e+03
3.039000000000000000e+03
3.041000000000000000e+03
3.047000000000000000e+03
3.050000000000000000e+03
3.051000000000000000e+03
3.052000000000000000e+03
3.053000000000000000e+03
3.055000000000000000e+03
3.056000000000000000e+03
3.057000000000000000e+03
3.059000000000000000e+03
3.062000000000000000e+03
3.065000000000000000e+03
3.066000000000000000e+03
3.068000000000000000e+03
3.069000000000000000e+03
3.070000000000000000e+03
3.072000000000000000e+03
3.073000000000000000e+03
3.074000000000000000e+03
3.075000000000000000e+03
3.076000000000000000e+03
3.077000000000000000e+03
3.079000000000000000e+03
3.082000000000000000e+03
3.091000000000000000e+03
3.094000000000000000e+03
3.095000000000000000e+03
3.097000000000000000e+03
3.100000000000000000e+03
3.102000000000000000e+03
3.103000000000000000e+03
3.104000000000000000e+03
3.106000000000000000e+03
3.109000000000000000e+03
3.110000000000000000e+03
3.113000000000000000e+03
3.114000000000000000e+03
3.115000000000000000e+03
3.116000000000000000e+03
3.117000000000000000e+03
3.119000000000000000e+03
3.120000000000000000e+03
3.121000000000000000e+03
3.123000000000000000e+03
3.125000000000000000e+03
3.128000000000000000e+03
3.130000000000000000e+03
3.132000000000000000e+03
3.134000000000000000e+03
3.137000000000000000e+03
3.141000000000000000e+03
3.142000000000000000e+03
3.143000000000000000e+03
3.149000000000000000e+03
3.150000000000000000e+03
3.152000000000000000e+03
3.158000000000000000e+03
3.166000000000000000e+03
3.170000000000000000e+03
3.175000000000000000e+03
3.179000000000000000e+03
3.180000000000000000e+03
3.190000000000000000e+03
3.195000000000000000e+03
3.199000000000000000e+03
3.202000000000000000e+03
3.206000000000000000e+03
3.209000000000000000e+03
3.210000000000000000e+03
3.212000000000000000e+03
3.213000000000000000e+03
3.217000000000000000e+03
3.218000000000000000e+03
3.219000000000000000e+03
3.220000000000000000e+03
3.222000000000000000e+03
3.225000000000000000e+03
3.229000000000000000e+03
3.233000000000000000e+03
3.245000000000000000e+03
3.246000000000000000e+03
3.253000000000000000e+03
3.257000000000000000e+03
3.258000000000000000e+03
3.261000000000000000e+03
3.262000000000000000e+03
3.263000000000000000e+03
3.266000000000000000e+03
3.267000000000000000e+03
3.268000000000000000e+03
3.269000000000000000e+03
3.272000000000000000e+03
3.275000000000000000e+03
3.278000000000000000e+03
3.279000000000000000e+03
3.285000000000000000e+03
3.289000000000000000e+03
3.290000000000000000e+03
3.291000000000000000e+03
3.292000000000000000e+03
3.296000000000000000e+03
3.298000000000000000e+03
3.300000000000000000e+03
3.306000000000000000e+03
3.309000000000000000e+03
3.310000000000000000e+03
3.311000000000000000e+03
3.313000000000000000e+03
3.316000000000000000e+03
3.317000000000000000e+03
3.319000000000000000e+03
3.320000000000000000e+03
3.321000000000000000e+03
3.323000000000000000e+03
3.324000000000000000e+03
3.326000000000000000e+03
3.327000000000000000e+03
3.330000000000000000e+03
3.333000000000000000e+03
3.335000000000000000e+03
3.337000000000000000e+03
3.340000000000000000e+03
3.341000000000000000e+03
3.347000000000000000e+03
3.348000000000000000e+03
3.371000000000000000e+03
3.373000000000000000e+03
3.384000000000000000e+03
3.397000000000000000e+03
3.398000000000000000e+03
3.399000000000000000e+03
3.413000000000000000e+03
3.420000000000000000e+03
3.434000000000000000e+03
3.435000000000000000e+03
3.437000000000000000e+03
3.440000000000000000e+03
3.448000000000000000e+03
3.450000000000000000e+03
3.453000000000000000e+03
3.454000000000000000e+03
3.464000000000000000e+03
3.465000000000000000e+03
3.466000000000000000e+03
3.468000000000000000e+03
3.471000000000000000e+03
3.472000000000000000e+03
3.486000000000000000e+03
3.487000000000000000e+03
3.488000000000000000e+03
3.489000000000000000e+03
3.490000000000000000e+03
3.493000000000000000e+03
3.495000000000000000e+03
3.496000000000000000e+03
3.497000000000000000e+03
3.510000000000000000e+03
3.512000000000000000e+03
3.522000000000000000e+03
3.523000000000000000e+03
3.524000000000000000e+03
3.526000000000000000e+03
3.529000000000000000e+03
3.531000000000000000e+03
3.532000000000000000e+03
3.533000000000000000e+03
3.545000000000000000e+03
3.553000000000000000e+03
3.556000000000000000e+03
3.564000000000000000e+03
3.565000000000000000e+03
3.569000000000000000e+03
3.573000000000000000e+03
3.575000000000000000e+03
3.577000000000000000e+03
3.578000000000000000e+03
3.579000000000000000e+03
3.582000000000000000e+03
3.586000000000000000e+03
3.588000000000000000e+03
3.590000000000000000e+03
3.594000000000000000e+03
3.595000000000000000e+03
3.601000000000000000e+03
3.602000000000000000e+03
3.603000000000000000e+03
3.606000000000000000e+03
3.620000000000000000e+03
3.624000000000000000e+03
3.625000000000000000e+03
3.626000000000000000e+03
3.629000000000000000e+03
3.630000000000000000e+03
3.634000000000000000e+03
3.635000000000000000e+03
3.636000000000000000e+03
3.638000000000000000e+03
3.639000000000000000e+03
3.643000000000000000e+03
3.644000000000000000e+03
3.645000000000000000e+03
3.647000000000000000e+03
3.648000000000000000e+03
3.652000000000000000e+03
3.653000000000000000e+03
3.656000000000000000e+03
3.657000000000000000e+03
3.659000000000000000e+03
3.662000000000000000e+03
3.663000000000000000e+03
3.664000000000000000e+03
3.666000000000000000e+03
3.668000000000000000e+03
3.669000000000000000e+03
3.670000000000000000e+03
3.672000000000000000e+03
3.673000000000000000e+03
3.677000000000000000e+03
3.680000000000000000e+03
3.684000000000000000e+03
3.688000000000000000e+03
3.692000000000000000e+03
3.693000000000000000e+03
3.694000000000000000e+03
3.695000000000000000e+03
3.696000000000000000e+03
3.698000000000000000e+03
3.699000000000000000e+03
3.703000000000000000e+03
3.704000000000000000e+03
3.707000000000000000e+03
3.719000000000000000e+03
3.721000000000000000e+03
3.722000000000000000e+03
3.724000000000000000e+03
3.731000000000000000e+03
3.733000000000000000e+03
3.734000000000000000e+03
3.735000000000000000e+03
3.736000000000000000e+03
3.738000000000000000e+03
3.743000000000000000e+03
3.744000000000000000e+03
3.750000000000000000e+03
3.758000000000000000e+03
3.771000000000000000e+03
3.777000000000000000e+03
3.778000000000000000e+03
3.780000000000000000e+03
3.783000000000000000e+03
3.789000000000000000e+03
3.793000000000000000e+03
3.795000000000000000e+03
3.796000000000000000e+03
3.797000000000000000e+03
3.798000000000000000e+03
3.802000000000000000e+03
3.811000000000000000e+03
3.814000000000000000e+03
3.819000000000000000e+03
3.821000000000000000e+03
3.822000000000000000e+03
3.823000000000000000e+03
3.827000000000000000e+03
3.828000000000000000e+03
3.833000000000000000e+03
3.834000000000000000e+03
3.840000000000000000e+03
3.842000000000000000e+03
3.846000000000000000e+03
3.848000000000000000e+03
3.849000000000000000e+03
3.850000000000000000e+03
3.855000000000000000e+03
3.857000000000000000e+03
3.859000000000000000e+03
3.863000000000000000e+03
3.866000000000000000e+03
3.869000000000000000e+03
3.871000000000000000e+03
3.873000000000000000e+03
3.877000000000000000e+03
3.883000000000000000e+03
3.887000000000000000e+03
3.889000000000000000e+03
3.894000000000000000e+03
3.910000000000000000e+03
3.911000000000000000e+03
3.922000000000000000e+03
3.928000000000000000e+03
3.936000000000000000e+03
3.941000000000000000e+03
3.951000000000000000e+03
3.952000000000000000e+03
3.959000000000000000e+03
3.961000000000000000e+03
3.964000000000000000e+03
3.965000000000000000e+03
3.984000000000000000e+03
3.991000000000000000e+03
4.001000000000000000e+03
4.008000000000000000e+03
4.020000000000000000e+03
4.023000000000000000e+03
4.025000000000000000e+03
4.029000000000000000e+03
4.030000000000000000e+03
4.049000000000000000e+03
4.050000000000000000e+03
4.056000000000000000e+03
4.057000000000000000e+03
4.061000000000000000e+03
4.072000000000000000e+03
4.073000000000000000e+03
4.084000000000000000e+03
4.092000000000000000e+03
4.099000000000000000e+03
4.116000000000000000e+03
4.118000000000000000e+03
4.121000000000000000e+03
4.122000000000000000e+03
4.124000000000000000e+03
4.125000000000000000e+03
4.126000000000000000e+03
4.132000000000000000e+03
4.149000000000000000e+03
4.160000000000000000e+03
4.161000000000000000e+03
4.165000000000000000e+03
4.167000000000000000e+03
4.172000000000000000e+03
4.173000000000000000e+03
4.177000000000000000e+03
4.178000000000000000e+03
4.186000000000000000e+03
4.188000000000000000e+03
4.189000000000000000e+03
4.197000000000000000e+03
4.198000000000000000e+03
4.215000000000000000e+03
4.218000000000000000e+03
4.220000000000000000e+03
4.225000000000000000e+03
4.226000000000000000e+03
4.229000000000000000e+03
4.230000000000000000e+03
4.236000000000000000e+03
4.238000000000000000e+03
4.240000000000000000e+03
4.245000000000000000e+03
4.270000000000000000e+03
4.286000000000000000e+03
4.290000000000000000e+03
4.291000000000000000e+03
4.305000000000000000e+03
4.312000000000000000e+03
4.317000000000000000e+03
4.318000000000000000e+03
4.321000000000000000e+03
4.323000000000000000e+03
4.324000000000000000e+03
4.333000000000000000e+03
4.335000000000000000e+03
4.350000000000000000e+03
4.352000000000000000e+03
4.353000000000000000e+03
4.357000000000000000e+03
4.358000000000000000e+03
4.367000000000000000e+03
4.368000000000000000e+03
4.378000000000000000e+03
4.385000000000000000e+03
4.386000000000000000e+03
4.388000000000000000e+03
4.389000000000000000e+03
4.397000000000000000e+03
4.399000000000000000e+03
4.407000000000000000e+03
4.414000000000000000e+03
4.419000000000000000e+03
4.421000000000000000e+03
4.424000000000000000e+03
4.426000000000000000e+03
4.433000000000000000e+03
4.436000000000000000e+03
4.441000000000000000e+03
4.443000000000000000e+03
4.447000000000000000e+03
4.448000000000000000e+03
4.451000000000000000e+03
4.460000000000000000e+03
4.461000000000000000e+03
4.463000000000000000e+03
4.465000000000000000e+03
4.467000000000000000e+03
4.471000000000000000e+03
4.472000000000000000e+03
4.473000000000000000e+03
4.516000000000000000e+03
4.551000000000000000e+03
4.559000000000000000e+03
4.561000000000000000e+03
4.562000000000000000e+03
4.564000000000000000e+03
4.565000000000000000e+03
4.567000000000000000e+03
4.578000000000000000e+03
4.580000000000000000e+03
4.581000000000000000e+03
4.583000000000000000e+03
4.584000000000000000e+03
4.585000000000000000e+03
4.592000000000000000e+03
4.596000000000000000e+03
4.601000000000000000e+03
4.606000000000000000e+03
4.607000000000000000e+03
4.609000000000000000e+03
4.615000000000000000e+03
4.620000000000000000e+03
4.622000000000000000e+03
4.623000000000000000e+03
4.629000000000000000e+03
4.631000000000000000e+03
4.633000000000000000e+03
4.634000000000000000e+03
4.636000000000000000e+03
4.637000000000000000e+03
4.640000000000000000e+03
4.644000000000000000e+03
4.645000000000000000e+03
4.646000000000000000e+03
4.652000000000000000e+03
4.653000000000000000e+03
4.654000000000000000e+03
4.655000000000000000e+03
4.660000000000000000e+03
4.662000000000000000e+03
4.664000000000000000e+03
4.665000000000000000e+03
4.666000000000000000e+03
4.667000000000000000e+03
4.668000000000000000e+03
4.670000000000000000e+03
4.671000000000000000e+03
4.672000000000000000e+03
4.673000000000000000e+03
4.675000000000000000e+03
4.676000000000000000e+03
4.677000000000000000e+03
4.678000000000000000e+03
4.679000000000000000e+03
4.683000000000000000e+03
4.684000000000000000e+03
4.689000000000000000e+03
4.691000000000000000e+03
4.695000000000000000e+03
4.697000000000000000e+03
4.700000000000000000e+03
4.705000000000000000e+03
4.707000000000000000e+03
4.708000000000000000e+03
4.710000000000000000e+03
4.711000000000000000e+03
4.713000000000000000e+03
4.717000000000000000e+03
4.718000000000000000e+03
4.720000000000000000e+03
4.721000000000000000e+03
4.722000000000000000e+03
4.723000000000000000e+03
4.726000000000000000e+03
4.728000000000000000e+03
4.729000000000000000e+03
4.731000000000000000e+03
4.733000000000000000e+03
4.735000000000000000e+03
4.736000000000000000e+03
4.737000000000000000e+03
4.738000000000000000e+03
4.739000000000000000e+03
4.742000000000000000e+03
4.743000000000000000e+03
4.747000000000000000e+03
4.752000000000000000e+03
4.759000000000000000e+03
4.761000000000000000e+03
4.762000000000000000e+03
4.764000000000000000e+03
4.765000000000000000e+03
4.768000000000000000e+03
4.769000000000000000e+03
4.772000000000000000e+03
4.774000000000000000e+03
4.784000000000000000e+03
4.790000000000000000e+03
4.793000000000000000e+03
4.800000000000000000e+03
4.801000000000000000e+03
4.803000000000000000e+03
4.804000000000000000e+03
4.812000000000000000e+03
4.814000000000000000e+03
4.817000000000000000e+03
4.820000000000000000e+03
4.824000000000000000e+03
4.831000000000000000e+03
4.843000000000000000e+03
4.849000000000000000e+03
4.850000000000000000e+03
4.853000000000000000e+03
4.862000000000000000e+03
4.864000000000000000e+03
4.870000000000000000e+03
4.874000000000000000e+03
4.882000000000000000e+03
4.884000000000000000e+03
4.886000000000000000e+03
4.888000000000000000e+03
4.893000000000000000e+03
4.906000000000000000e+03
4.912000000000000000e+03
4.921000000000000000e+03
4.931000000000000000e+03
4.938000000000000000e+03
4.939000000000000000e+03
4.953000000000000000e+03
4.957000000000000000e+03
4.959000000000000000e+03
4.962000000000000000e+03
4.963000000000000000e+03
4.964000000000000000e+03
4.966000000000000000e+03
4.975000000000000000e+03
4.976000000000000000e+03
4.977000000000000000e+03
4.979000000000000000e+03
4.980000000000000000e+03
4.991000000000000000e+03
4.992000000000000000e+03
4.996000000000000000e+03
4.997000000000000000e+03
4.999000000000000000e+03
5.001000000000000000e+03
5.002000000000000000e+03
5.006000000000000000e+03
5.011000000000000000e+03
5.012000000000000000e+03
5.016000000000000000e+03
5.017000000000000000e+03
5.034000000000000000e+03
5.035000000000000000e+03
5.037000000000000000e+03
5.038000000000000000e+03
5.039000000000000000e+03
5.040000000000000000e+03
5.041000000000000000e+03
5.043000000000000000e+03
5.045000000000000000e+03
5.048000000000000000e+03
5.058000000000000000e+03
5.060000000000000000e+03
5.063000000000000000e+03
5.064000000000000000e+03
5.066000000000000000e+03
5.068000000000000000e+03
5.070000000000000000e+03
5.071000000000000000e+03
5.073000000000000000e+03
5.076000000000000000e+03
5.082000000000000000e+03
5.083000000000000000e+03
5.084000000000000000e+03
5.086000000000000000e+03
5.088000000000000000e+03
5.089000000000000000e+03
5.090000000000000000e+03
5.094000000000000000e+03
5.099000000000000000e+03
5.100000000000000000e+03
5.101000000000000000e+03
5.103000000000000000e+03
5.104000000000000000e+03
5.105000000000000000e+03
5.118000000000000000e+03
5.120000000000000000e+03
5.127000000000000000e+03
5.133000000000000000e+03
5.145000000000000000e+03
5.152000000000000000e+03
5.153000000000000000e+03
5.179000000000000000e+03
5.186000000000000000e+03
5.187000000000000000e+03
5.191000000000000000e+03
5.198000000000000000e+03
5.201000000000000000e+03
5.204000000000000000e+03
5.206000000000000000e+03
5.215000000000000000e+03
5.219000000000000000e+03
5.223000000000000000e+03
5.232000000000000000e+03
5.234000000000000000e+03
5.235000000000000000e+03
5.236000000000000000e+03
5.237000000000000000e+03
5.243000000000000000e+03
5.244000000000000000e+03
5.246000000000000000e+03
5.248000000000000000e+03
5.250000000000000000e+03
5.251000000000000000e+03
5.252000000000000000e+03
5.254000000000000000e+03
5.259000000000000000e+03
5.262000000000000000e+03
5.263000000000000000e+03
5.264000000000000000e+03
5.267000000000000000e+03
5.277000000000000000e+03
5.280000000000000000e+03
5.284000000000000000e+03
5.286000000000000000e+03
5.299000000000000000e+03
5.325000000000000000e+03
5.331000000000000000e+03
5.335000000000000000e+03
5.336000000000000000e+03
5.340000000000000000e+03
5.342000000000000000e+03
5.353000000000000000e+03
5.359000000000000000e+03
5.362000000000000000e+03
5.364000000000000000e+03
5.370000000000000000e+03
5.373000000000000000e+03
5.377000000000000000e+03
5.380000000000000000e+03
5.381000000000000000e+03
5.383000000000000000e+03
5.388000000000000000e+03
5.389000000000000000e+03
5.400000000000000000e+03
5.402000000000000000e+03
5.403000000000000000e+03
5.405000000000000000e+03
5.408000000000000000e+03
5.409000000000000000e+03
5.410000000000000000e+03
5.416000000000000000e+03
5.430000000000000000e+03
5.432000000000000000e+03
5.433000000000000000e+03
5.434000000000000000e+03
5.435000000000000000e+03
5.437000000000000000e+03
5.438000000000000000e+03
5.439000000000000000e+03
5.440000000000000000e+03
5.444000000000000000e+03
5.446000000000000000e+03
5.447000000000000000e+03
5.448000000000000000e+03
5.451000000000000000e+03
5.453000000000000000e+03
5.455000000000000000e+03
5.457000000000000000e+03
5.458000000000000000e+03
5.462000000000000000e+03
5.466000000000000000e+03
5.467000000000000000e+03
5.470000000000000000e+03
5.471000000000000000e+03
5.472000000000000000e+03
5.473000000000000000e+03
5.474000000000000000e+03
5.477000000000000000e+03
5.488000000000000000e+03
5.490000000000000000e+03
5.491000000000000000e+03
5.492000000000000000e+03
5.493000000000000000e+03
5.494000000000000000e+03
5.496000000000000000e+03
5.497000000000000000e+03
5.498000000000000000e+03
5.500000000000000000e+03
5.501000000000000000e+03
5.502000000000000000e+03
5.503000000000000000e+03
5.504000000000000000e+03
5.505000000000000000e+03
5.506000000000000000e+03
5.509000000000000000e+03
5.512000000000000000e+03
5.513000000000000000e+03
5.516000000000000000e+03
5.517000000000000000e+03
5.518000000000000000e+03
5.519000000000000000e+03
5.520000000000000000e+03
5.521000000000000000e+03
5.522000000000000000e+03
5.523000000000000000e+03
5.526000000000000000e+03
5.529000000000000000e+03
5.548000000000000000e+03
5.549000000000000000e+03
5.551000000000000000e+03
5.552000000000000000e+03
5.554000000000000000e+03
5.560000000000000000e+03
5.561000000000000000e+03
5.562000000000000000e+03
5.570000000000000000e+03
5.571000000000000000e+03
5.574000000000000000e+03
5.589000000000000000e+03
5.594000000000000000e+03
5.596000000000000000e+03
5.597000000000000000e+03
5.599000000000000000e+03
5.601000000000000000e+03
5.608000000000000000e+03
5.610000000000000000e+03
5.613000000000000000e+03
5.622000000000000000e+03
5.628000000000000000e+03
5.632000000000000000e+03
5.634000000000000000e+03
5.637000000000000000e+03
5.643000000000000000e+03
5.644000000000000000e+03
5.648000000000000000e+03
5.650000000000000000e+03
5.651000000000000000e+03
5.654000000000000000e+03
5.656000000000000000e+03
5.659000000000000000e+03
5.660000000000000000e+03
5.661000000000000000e+03
5.664000000000000000e+03
5.666000000000000000e+03
5.673000000000000000e+03
5.677000000000000000e+03
5.687000000000000000e+03
5.690000000000000000e+03
5.692000000000000000e+03
5.702000000000000000e+03
5.703000000000000000e+03
5.709000000000000000e+03
5.710000000000000000e+03
5.719000000000000000e+03
5.732000000000000000e+03
5.733000000000000000e+03
5.736000000000000000e+03
5.739000000000000000e+03
5.741000000000000000e+03
5.747000000000000000e+03
5.748000000000000000e+03
5.749000000000000000e+03
5.762000000000000000e+03
5.767000000000000000e+03
5.773000000000000000e+03
5.775000000000000000e+03
5.776000000000000000e+03
5.777000000000000000e+03
5.778000000000000000e+03
5.779000000000000000e+03
5.780000000000000000e+03
5.781000000000000000e+03
5.783000000000000000e+03
5.785000000000000000e+03
5.792000000000000000e+03
5.795000000000000000e+03
5.796000000000000000e+03
5.798000000000000000e+03
5.803000000000000000e+03
5.806000000000000000e+03
5.807000000000000000e+03
5.808000000000000000e+03
5.811000000000000000e+03
5.814000000000000000e+03
5.816000000000000000e+03
5.821000000000000000e+03
5.825000000000000000e+03
5.827000000000000000e+03
5.829000000000000000e+03
5.830000000000000000e+03
5.842000000000000000e+03
5.846000000000000000e+03
5.850000000000000000e+03
5.855000000000000000e+03
5.859000000000000000e+03
5.865000000000000000e+03
5.870000000000000000e+03
5.876000000000000000e+03
5.886000000000000000e+03
5.887000000000000000e+03
5.912000000000000000e+03
5.918000000000000000e+03
5.921000000000000000e+03
5.922000000000000000e+03
5.927000000000000000e+03
5.928000000000000000e+03
5.939000000000000000e+03
5.947000000000000000e+03
5.950000000000000000e+03
5.953000000000000000e+03
5.954000000000000000e+03
5.958000000000000000e+03
5.960000000000000000e+03
5.971000000000000000e+03
5.977000000000000000e+03
5.979000000000000000e+03
5.988000000000000000e+03
5.989000000000000000e+03
5.995000000000000000e+03
6.000000000000000000e+03
6.001000000000000000e+03
6.010000000000000000e+03
6.013000000000000000e+03
6.018000000000000000e+03
6.025000000000000000e+03
6.034000000000000000e+03
6.035000000000000000e+03
6.036000000000000000e+03
6.040000000000000000e+03
6.068000000000000000e+03
6.069000000000000000e+03
6.072000000000000000e+03
6.074000000000000000e+03
6.081000000000000000e+03
6.087000000000000000e+03
6.091000000000000000e+03
6.098000000000000000e+03
6.099000000000000000e+03
6.102000000000000000e+03
6.103000000000000000e+03
6.104000000000000000e+03
6.107000000000000000e+03
6.112000000000000000e+03
6.122000000000000000e+03
6.125000000000000000e+03
6.133000000000000000e+03
6.134000000000000000e+03
6.135000000000000000e+03
6.138000000000000000e+03
6.140000000000000000e+03
6.141000000000000000e+03
6.145000000000000000e+03
6.152000000000000000e+03
6.154000000000000000e+03
6.158000000000000000e+03
6.160000000000000000e+03
6.173000000000000000e+03
6.179000000000000000e+03
6.180000000000000000e+03
6.186000000000000000e+03
6.189000000000000000e+03
6.191000000000000000e+03
6.193000000000000000e+03
6.196000000000000000e+03
6.198000000000000000e+03
6.201000000000000000e+03
6.207000000000000000e+03
6.209000000000000000e+03
6.212000000000000000e+03
6.217000000000000000e+03
6.218000000000000000e+03
6.225000000000000000e+03
6.229000000000000000e+03
6.231000000000000000e+03
6.238000000000000000e+03
6.249000000000000000e+03
6.250000000000000000e+03
6.253000000000000000e+03
6.256000000000000000e+03
6.257000000000000000e+03
6.258000000000000000e+03
6.259000000000000000e+03
6.262000000000000000e+03
6.265000000000000000e+03
6.266000000000000000e+03
6.268000000000000000e+03
6.271000000000000000e+03
6.274000000000000000e+03
6.277000000000000000e+03
6.281000000000000000e+03
6.290000000000000000e+03
6.296000000000000000e+03
6.297000000000000000e+03
6.299000000000000000e+03
6.304000000000000000e+03
6.306000000000000000e+03
6.307000000000000000e+03
6.308000000000000000e+03
6.310000000000000000e+03
6.313000000000000000e+03
6.315000000000000000e+03
6.318000000000000000e+03
6.319000000000000000e+03
6.321000000000000000e+03
6.331000000000000000e+03
6.332000000000000000e+03
6.338000000000000000e+03
6.341000000000000000e+03
6.345000000000000000e+03
6.352000000000000000e+03
6.354000000000000000e+03
6.366000000000000000e+03
6.383000000000000000e+03
6.385000000000000000e+03
6.386000000000000000e+03
6.390000000000000000e+03
6.391000000000000000e+03
6.393000000000000000e+03
6.400000000000000000e+03
6.401000000000000000e+03
6.408000000000000000e+03
6.415000000000000000e+03
6.420000000000000000e+03
6.441000000000000000e+03
6.449000000000000000e+03
6.450000000000000000e+03
6.453000000000000000e+03
6.454000000000000000e+03
6.456000000000000000e+03
6.457000000000000000e+03
6.459000000000000000e+03
6.468000000000000000e+03
6.470000000000000000e+03
6.474000000000000000e+03
6.475000000000000000e+03
6.481000000000000000e+03
6.483000000000000000e+03
6.484000000000000000e+03
6.505000000000000000e+03
6.510000000000000000e+03
6.513000000000000000e+03
6.516000000000000000e+03
6.518000000000000000e+03
6.525000000000000000e+03
6.545000000000000000e+03
6.555000000000000000e+03
6.556000000000000000e+03
6.559000000000000000e+03
6.561000000000000000e+03
6.565000000000000000e+03
6.567000000000000000e+03
6.568000000000000000e+03
6.569000000000000000e+03
6.580000000000000000e+03
6.584000000000000000e+03
6.587000000000000000e+03
6.602000000000000000e+03
6.616000000000000000e+03
6.617000000000000000e+03
6.620000000000000000e+03
6.631000000000000000e+03
6.655000000000000000e+03
6.661000000000000000e+03
6.662000000000000000e+03
6.683000000000000000e+03
6.690000000000000000e+03
6.692000000000000000e+03
6.696000000000000000e+03
6.704000000000000000e+03
6.712000000000000000e+03
6.714000000000000000e+03
6.722000000000000000e+03
6.727000000000000000e+03
6.728000000000000000e+03
6.739000000000000000e+03
6.743000000000000000e+03
6.750000000000000000e+03
6.752000000000000000e+03
6.755000000000000000e+03
6.773000000000000000e+03
6.784000000000000000e+03
6.786000000000000000e+03
6.791000000000000000e+03
6.796000000000000000e+03
6.799000000000000000e+03
6.802000000000000000e+03
6.814000000000000000e+03
6.815000000000000000e+03
6.816000000000000000e+03
6.817000000000000000e+03
6.819000000000000000e+03
6.820000000000000000e+03
6.846000000000000000e+03
6.860000000000000000e+03
6.864000000000000000e+03
6.865000000000000000e+03
6.866000000000000000e+03
6.867000000000000000e+03
6.868000000000000000e+03
6.870000000000000000e+03
6.871000000000000000e+03
6.872000000000000000e+03
6.873000000000000000e+03
6.874000000000000000e+03
6.875000000000000000e+03
6.877000000000000000e+03
6.880000000000000000e+03
6.884000000000000000e+03
6.886000000000000000e+03
6.888000000000000000e+03
6.892000000000000000e+03
6.895000000000000000e+03
6.896000000000000000e+03
6.897000000000000000e+03
6.898000000000000000e+03
6.903000000000000000e+03
6.904000000000000000e+03
6.906000000000000000e+03
6.908000000000000000e+03
6.911000000000000000e+03
6.913000000000000000e+03
6.914000000000000000e+03
6.917000000000000000e+03
6.919000000000000000e+03
6.920000000000000000e+03
6.921000000000000000e+03
6.924000000000000000e+03
6.925000000000000000e+03
6.933000000000000000e+03
6.936000000000000000e+03
6.940000000000000000e+03
6.941000000000000000e+03
6.942000000000000000e+03
6.943000000000000000e+03
6.945000000000000000e+03
6.948000000000000000e+03
6.950000000000000000e+03
6.951000000000000000e+03
6.953000000000000000e+03
6.960000000000000000e+03
6.961000000000000000e+03
6.966000000000000000e+03
6.978000000000000000e+03
6.982000000000000000e+03
6.985000000000000000e+03
6.989000000000000000e+03
6.990000000000000000e+03
6.991000000000000000e+03
6.993000000000000000e+03
6.994000000000000000e+03
6.998000000000000000e+03
7.001000000000000000e+03
7.002000000000000000e+03
7.006000000000000000e+03
7.007000000000000000e+03
7.010000000000000000e+03
7.011000000000000000e+03
7.012000000000000000e+03
7.020000000000000000e+03
7.026000000000000000e+03
7.027000000000000000e+03
7.028000000000000000e+03
7.030000000000000000e+03
7.031000000000000000e+03
7.033000000000000000e+03
7.035000000000000000e+03
7.037000000000000000e+03
7.040000000000000000e+03
7.044000000000000000e+03
7.046000000000000000e+03
7.050000000000000000e+03
7.052000000000000000e+03
7.053000000000000000e+03
7.054000000000000000e+03
7.055000000000000000e+03
7.056000000000000000e+03
7.057000000000000000e+03
7.058000000000000000e+03
7.059000000000000000e+03
7.060000000000000000e+03
7.062000000000000000e+03
7.066000000000000000e+03
7.069000000000000000e+03
7.075000000000000000e+03
7.078000000000000000e+03
7.079000000000000000e+03
7.081000000000000000e+03
7.082000000000000000e+03
7.083000000000000000e+03
7.084000000000000000e+03
7.086000000000000000e+03
7.087000000000000000e+03
7.088000000000000000e+03
7.090000000000000000e+03
7.091000000000000000e+03
7.095000000000000000e+03
7.096000000000000000e+03
7.097000000000000000e+03
7.098000000000000000e+03
7.099000000000000000e+03
7.102000000000000000e+03
7.107000000000000000e+03
7.108000000000000000e+03
7.110000000000000000e+03
7.113000000000000000e+03
7.114000000000000000e+03
7.115000000000000000e+03
7.117000000000000000e+03
7.118000000000000000e+03
7.119000000000000000e+03
7.120000000000000000e+03
7.123000000000000000e+03
7.124000000000000000e+03
7.125000000000000000e+03
7.126000000000000000e+03
7.130000000000000000e+03
7.132000000000000000e+03
7.133000000000000000e+03
7.135000000000000000e+03
7.141000000000000000e+03
7.146000000000000000e+03
7.148000000000000000e+03
7.149000000000000000e+03
7.153000000000000000e+03
7.154000000000000000e+03
7.155000000000000000e+03
7.156000000000000000e+03
7.157000000000000000e+03
7.161000000000000000e+03
7.162000000000000000e+03
7.167000000000000000e+03
7.174000000000000000e+03
7.175000000000000000e+03
7.177000000000000000e+03
7.178000000000000000e+03
7.181000000000000000e+03
7.182000000000000000e+03
7.184000000000000000e+03
7.185000000000000000e+03
7.186000000000000000e+03
7.188000000000000000e+03
7.189000000000000000e+03
7.192000000000000000e+03
7.193000000000000000e+03
7.194000000000000000e+03
7.195000000000000000e+03
7.198000000000000000e+03
7.200000000000000000e+03
7.201000000000000000e+03
7.202000000000000000e+03
7.204000000000000000e+03
7.206000000000000000e+03
7.208000000000000000e+03
7.210000000000000000e+03
7.213000000000000000e+03
7.214000000000000000e+03
7.218000000000000000e+03
7.219000000000000000e+03
7.223000000000000000e+03
7.225000000000000000e+03
7.227000000000000000e+03
7.230000000000000000e+03
7.233000000000000000e+03
7.236000000000000000e+03
7.237000000000000000e+03
7.243000000000000000e+03
7.245000000000000000e+03
7.246000000000000000e+03
7.248000000000000000e+03
7.251000000000000000e+03
7.254000000000000000e+03
7.257000000000000000e+03
7.258000000000000000e+03
7.259000000000000000e+03
7.260000000000000000e+03
7.263000000000000000e+03
7.265000000000000000e+03
7.267000000000000000e+03
7.269000000000000000e+03
7.270000000000000000e+03
7.272000000000000000e+03
7.274000000000000000e+03
7.275000000000000000e+03
7.276000000000000000e+03
7.280000000000000000e+03
7.282000000000000000e+03
7.283000000000000000e+03
7.288000000000000000e+03
7.289000000000000000e+03
7.292000000000000000e+03
7.294000000000000000e+03
7.295000000000000000e+03
7.296000000000000000e+03
7.297000000000000000e+03
7.298000000000000000e+03
7.299000000000000000e+03
7.301000000000000000e+03
7.302000000000000000e+03
7.306000000000000000e+03
7.307000000000000000e+03
7.309000000000000000e+03
7.315000000000000000e+03
7.321000000000000000e+03
7.322000000000000000e+03
7.323000000000000000e+03
7.324000000000000000e+03
7.326000000000000000e+03
7.327000000000000000e+03
7.329000000000000000e+03
7.330000000000000000e+03
7.331000000000000000e+03
7.334000000000000000e+03
7.335000000000000000e+03
7.340000000000000000e+03
7.341000000000000000e+03
7.344000000000000000e+03
7.345000000000000000e+03
7.346000000000000000e+03
7.348000000000000000e+03
7.353000000000000000e+03
7.356000000000000000e+03
7.358000000000000000e+03
7.359000000000000000e+03
7.360000000000000000e+03
7.363000000000000000e+03
7.364000000000000000e+03
7.367000000000000000e+03
7.370000000000000000e+03
7.372000000000000000e+03
7.376000000000000000e+03
7.377000000000000000e+03
7.378000000000000000e+03
7.379000000000000000e+03
7.380000000000000000e+03
7.391000000000000000e+03
7.392000000000000000e+03
7.393000000000000000e+03
7.395000000000000000e+03
7.396000000000000000e+03
7.400000000000000000e+03
7.405000000000000000e+03
7.406000000000000000e+03
7.415000000000000000e+03
7.416000000000000000e+03
7.417000000000000000e+03
7.418000000000000000e+03
7.422000000000000000e+03
7.425000000000000000e+03
7.426000000000000000e+03
7.432000000000000000e+03
7.434000000000000000e+03
7.436000000000000000e+03
7.439000000000000000e+03
7.440000000000000000e+03
7.441000000000000000e+03
7.449000000000000000e+03
7.455000000000000000e+03
7.456000000000000000e+03
7.457000000000000000e+03
7.475000000000000000e+03
7.478000000000000000e+03
7.479000000000000000e+03
7.480000000000000000e+03
7.482000000000000000e+03
7.483000000000000000e+03
7.487000000000000000e+03
7.488000000000000000e+03
7.490000000000000000e+03
7.492000000000000000e+03
7.494000000000000000e+03
7.495000000000000000e+03
7.497000000000000000e+03
7.499000000000000000e+03
7.504000000000000000e+03
7.508000000000000000e+03
7.510000000000000000e+03
7.517000000000000000e+03
7.518000000000000000e+03
7.528000000000000000e+03
7.529000000000000000e+03
7.538000000000000000e+03
7.541000000000000000e+03
7.545000000000000000e+03
7.546000000000000000e+03
7.547000000000000000e+03
7.549000000000000000e+03
7.551000000000000000e+03
7.556000000000000000e+03
7.557000000000000000e+03
7.563000000000000000e+03
7.566000000000000000e+03
7.567000000000000000e+03
7.569000000000000000e+03
7.578000000000000000e+03
7.579000000000000000e+03
7.583000000000000000e+03
7.585000000000000000e+03
7.586000000000000000e+03
7.587000000000000000e+03
7.589000000000000000e+03
7.592000000000000000e+03
7.595000000000000000e+03
7.597000000000000000e+03
7.598000000000000000e+03
7.600000000000000000e+03
7.602000000000000000e+03
7.605000000000000000e+03
7.607000000000000000e+03
7.610000000000000000e+03
7.611000000000000000e+03
7.618000000000000000e+03
7.619000000000000000e+03
7.626000000000000000e+03
7.627000000000000000e+03
7.632000000000000000e+03
7.634000000000000000e+03
7.640000000000000000e+03
7.641000000000000000e+03
7.642000000000000000e+03
7.650000000000000000e+03
7.659000000000000000e+03
7.665000000000000000e+03
7.692000000000000000e+03
7.693000000000000000e+03
7.694000000000000000e+03
7.695000000000000000e+03
7.699000000000000000e+03
7.701000000000000000e+03
7.712000000000000000e+03
7.717000000000000000e+03
7.727000000000000000e+03
7.729000000000000000e+03
7.733000000000000000e+03
7.736000000000000000e+03
7.737000000000000000e+03
7.738000000000000000e+03
7.743000000000000000e+03
7.751000000000000000e+03
7.762000000000000000e+03
7.790000000000000000e+03
7.795000000000000000e+03
7.796000000000000000e+03
7.805000000000000000e+03
7.806000000000000000e+03
7.807000000000000000e+03
7.812000000000000000e+03
7.822000000000000000e+03
7.831000000000000000e+03
7.832000000000000000e+03
7.835000000000000000e+03
7.840000000000000000e+03
7.845000000000000000e+03
7.858000000000000000e+03
7.859000000000000000e+03
7.861000000000000000e+03
7.869000000000000000e+03
7.870000000000000000e+03
7.871000000000000000e+03
7.877000000000000000e+03
7.879000000000000000e+03
7.880000000000000000e+03
7.881000000000000000e+03
7.882000000000000000e+03
7.890000000000000000e+03
7.892000000000000000e+03
7.894000000000000000e+03
7.896000000000000000e+03
7.903000000000000000e+03
7.914000000000000000e+03
7.918000000000000000e+03
7.931000000000000000e+03
7.939000000000000000e+03
7.941000000000000000e+03
7.944000000000000000e+03
7.945000000000000000e+03
7.946000000000000000e+03
7.949000000000000000e+03
7.950000000000000000e+03
7.951000000000000000e+03
7.953000000000000000e+03
7.960000000000000000e+03
7.977000000000000000e+03
7.978000000000000000e+03
7.982000000000000000e+03
7.991000000000000000e+03
7.996000000000000000e+03
7.997000000000000000e+03
7.998000000000000000e+03
7.999000000000000000e+03
8.007000000000000000e+03
8.008000000000000000e+03
8.011000000000000000e+03
8.012000000000000000e+03
8.013000000000000000e+03
8.016000000000000000e+03
8.021000000000000000e+03
8.027000000000000000e+03
8.028000000000000000e+03
8.029000000000000000e+03
8.030000000000000000e+03
8.033000000000000000e+03
8.035000000000000000e+03
8.036000000000000000e+03
8.038000000000000000e+03
8.039000000000000000e+03
8.040000000000000000e+03
8.041000000000000000e+03
8.042000000000000000e+03
8.045000000000000000e+03
8.049000000000000000e+03
8.059000000000000000e+03
8.082000000000000000e+03
8.084000000000000000e+03
8.099000000000000000e+03
8.100000000000000000e+03
8.103000000000000000e+03
8.108000000000000000e+03
8.109000000000000000e+03
8.110000000000000000e+03
8.111000000000000000e+03
8.112000000000000000e+03
8.119000000000000000e+03
8.120000000000000000e+03
8.121000000000000000e+03
8.128000000000000000e+03
8.129000000000000000e+03
8.133000000000000000e+03
8.137000000000000000e+03
8.138000000000000000e+03
8.139000000000000000e+03
8.140000000000000000e+03
8.144000000000000000e+03
8.148000000000000000e+03
8.149000000000000000e+03
8.153000000000000000e+03
8.154000000000000000e+03
8.155000000000000000e+03
8.159000000000000000e+03
8.160000000000000000e+03
8.162000000000000000e+03
8.163000000000000000e+03
8.164000000000000000e+03
8.167000000000000000e+03
8.171000000000000000e+03
8.173000000000000000e+03
8.175000000000000000e+03
8.176000000000000000e+03
8.177000000000000000e+03
8.179000000000000000e+03
8.180000000000000000e+03
8.181000000000000000e+03
8.182000000000000000e+03
8.183000000000000000e+03
8.185000000000000000e+03
8.186000000000000000e+03
8.188000000000000000e+03
8.190000000000000000e+03
8.192000000000000000e+03
8.195000000000000000e+03
8.196000000000000000e+03
8.197000000000000000e+03
8.198000000000000000e+03
8.199000000000000000e+03
8.201000000000000000e+03
8.202000000000000000e+03
8.205000000000000000e+03
8.217000000000000000e+03
8.219000000000000000e+03
8.222000000000000000e+03
8.228000000000000000e+03
8.229000000000000000e+03
8.231000000000000000e+03
8.232000000000000000e+03
8.235000000000000000e+03
8.236000000000000000e+03
8.237000000000000000e+03
8.240000000000000000e+03
8.246000000000000000e+03
8.249000000000000000e+03
8.250000000000000000e+03
8.252000000000000000e+03
8.254000000000000000e+03
8.258000000000000000e+03
8.260000000000000000e+03
8.262000000000000000e+03
8.263000000000000000e+03
8.265000000000000000e+03
8.267000000000000000e+03
8.268000000000000000e+03
8.270000000000000000e+03
8.271000000000000000e+03
8.275000000000000000e+03
8.277000000000000000e+03
8.278000000000000000e+03
8.281000000000000000e+03
8.283000000000000000e+03
8.289000000000000000e+03
8.291000000000000000e+03
8.297000000000000000e+03
8.303000000000000000e+03
8.304000000000000000e+03
8.305000000000000000e+03
8.307000000000000000e+03
8.309000000000000000e+03
8.313000000000000000e+03
8.315000000000000000e+03
8.316000000000000000e+03
8.320000000000000000e+03
8.321000000000000000e+03
8.323000000000000000e+03
8.326000000000000000e+03
8.327000000000000000e+03
8.328000000000000000e+03
8.329000000000000000e+03
8.330000000000000000e+03
8.333000000000000000e+03
8.334000000000000000e+03
8.336000000000000000e+03
8.343000000000000000e+03
8.348000000000000000e+03
8.353000000000000000e+03
8.354000000000000000e+03
8.358000000000000000e+03
8.363000000000000000e+03
8.364000000000000000e+03
8.366000000000000000e+03
8.367000000000000000e+03
8.368000000000000000e+03
8.371000000000000000e+03
8.372000000000000000e+03
8.374000000000000000e+03
8.376000000000000000e+03
8.378000000000000000e+03
8.379000000000000000e+03
8.380000000000000000e+03
8.381000000000000000e+03
8.383000000000000000e+03
8.384000000000000000e+03
8.385000000000000000e+03
8.386000000000000000e+03
8.388000000000000000e+03
8.389000000000000000e+03
8.393000000000000000e+03
8.395000000000000000e+03
8.397000000000000000e+03
8.399000000000000000e+03
8.400000000000000000e+03
8.401000000000000000e+03
8.407000000000000000e+03
8.408000000000000000e+03
8.411000000000000000e+03
8.415000000000000000e+03
8.416000000000000000e+03
8.417000000000000000e+03
8.423000000000000000e+03
8.426000000000000000e+03
8.428000000000000000e+03
8.429000000000000000e+03
8.430000000000000000e+03
8.431000000000000000e+03
8.432000000000000000e+03
8.433000000000000000e+03
8.435000000000000000e+03
8.439000000000000000e+03
8.440000000000000000e+03
8.442000000000000000e+03
8.444000000000000000e+03
8.448000000000000000e+03
8.449000000000000000e+03
8.450000000000000000e+03
8.453000000000000000e+03
8.454000000000000000e+03
8.456000000000000000e+03
8.457000000000000000e+03
8.459000000000000000e+03
8.461000000000000000e+03
8.464000000000000000e+03
8.465000000000000000e+03
8.470000000000000000e+03
8.472000000000000000e+03
8.473000000000000000e+03
8.474000000000000000e+03
8.475000000000000000e+03
8.476000000000000000e+03
8.477000000000000000e+03
8.478000000000000000e+03
8.479000000000000000e+03
8.480000000000000000e+03
8.482000000000000000e+03
8.484000000000000000e+03
8.486000000000000000e+03
8.487000000000000000e+03
8.488000000000000000e+03
8.490000000000000000e+03
8.493000000000000000e+03
8.494000000000000000e+03
8.495000000000000000e+03
8.498000000000000000e+03
8.501000000000000000e+03
8.502000000000000000e+03
8.503000000000000000e+03
8.506000000000000000e+03
8.508000000000000000e+03
8.509000000000000000e+03
8.510000000000000000e+03
8.511000000000000000e+03
8.514000000000000000e+03
8.515000000000000000e+03
8.516000000000000000e+03
8.519000000000000000e+03
8.522000000000000000e+03
8.523000000000000000e+03
8.525000000000000000e+03
8.526000000000000000e+03
8.527000000000000000e+03
8.530000000000000000e+03
8.531000000000000000e+03
8.532000000000000000e+03
8.537000000000000000e+03
8.539000000000000000e+03
8.540000000000000000e+03
8.545000000000000000e+03
8.547000000000000000e+03
8.553000000000000000e+03
8.554000000000000000e+03
8.556000000000000000e+03
8.558000000000000000e+03
8.561000000000000000e+03
8.577000000000000000e+03
8.578000000000000000e+03
8.579000000000000000e+03
8.581000000000000000e+03
8.583000000000000000e+03
8.585000000000000000e+03
8.587000000000000000e+03
8.589000000000000000e+03
8.597000000000000000e+03
8.600000000000000000e+03
8.603000000000000000e+03
8.607000000000000000e+03
8.609000000000000000e+03
8.611000000000000000e+03
8.617000000000000000e+03
8.618000000000000000e+03
8.622000000000000000e+03
8.628000000000000000e+03
8.632000000000000000e+03
8.633000000000000000e+03
8.634000000000000000e+03
8.636000000000000000e+03
8.640000000000000000e+03
8.642000000000000000e+03
8.647000000000000000e+03
8.650000000000000000e+03
8.654000000000000000e+03
8.656000000000000000e+03
8.657000000000000000e+03
8.669000000000000000e+03
8.674000000000000000e+03
8.679000000000000000e+03
8.682000000000000000e+03
8.684000000000000000e+03
8.686000000000000000e+03
8.687000000000000000e+03
8.688000000000000000e+03
8.689000000000000000e+03
8.690000000000000000e+03
8.692000000000000000e+03
8.695000000000000000e+03
8.696000000000000000e+03
8.698000000000000000e+03
8.699000000000000000e+03
8.704000000000000000e+03
8.708000000000000000e+03
8.711000000000000000e+03
8.714000000000000000e+03
8.717000000000000000e+03
8.724000000000000000e+03
8.726000000000000000e+03
8.740000000000000000e+03
8.741000000000000000e+03
8.743000000000000000e+03
8.748000000000000000e+03
8.751000000000000000e+03
8.752000000000000000e+03
8.758000000000000000e+03
8.773000000000000000e+03
8.778000000000000000e+03
8.779000000000000000e+03
8.780000000000000000e+03
8.786000000000000000e+03
8.787000000000000000e+03
8.788000000000000000e+03
8.793000000000000000e+03
8.796000000000000000e+03
8.806000000000000000e+03
8.807000000000000000e+03
8.809000000000000000e+03
8.814000000000000000e+03
8.815000000000000000e+03
8.816000000000000000e+03
8.819000000000000000e+03
8.820000000000000000e+03
8.824000000000000000e+03
8.826000000000000000e+03
8.828000000000000000e+03
8.829000000000000000e+03
8.830000000000000000e+03
8.832000000000000000e+03
8.834000000000000000e+03
8.836000000000000000e+03
8.837000000000000000e+03
8.838000000000000000e+03
8.842000000000000000e+03
8.844000000000000000e+03
8.854000000000000000e+03
8.857000000000000000e+03
8.859000000000000000e+03
8.860000000000000000e+03
8.861000000000000000e+03
8.862000000000000000e+03
8.867000000000000000e+03
8.874000000000000000e+03
8.882000000000000000e+03
8.884000000000000000e+03
8.886000000000000000e+03
8.891000000000000000e+03
8.893000000000000000e+03
8.894000000000000000e+03
8.901000000000000000e+03
8.902000000000000000e+03
8.905000000000000000e+03
8.909000000000000000e+03
8.912000000000000000e+03
8.915000000000000000e+03
8.918000000000000000e+03
8.934000000000000000e+03
8.936000000000000000e+03
8.938000000000000000e+03
8.941000000000000000e+03
8.949000000000000000e+03
8.951000000000000000e+03
8.964000000000000000e+03
8.971000000000000000e+03
8.972000000000000000e+03
8.976000000000000000e+03
8.979000000000000000e+03
8.981000000000000000e+03
8.982000000000000000e+03
8.985000000000000000e+03
8.987000000000000000e+03
8.988000000000000000e+03
8.994000000000000000e+03
9.004000000000000000e+03
9.007000000000000000e+03
9.010000000000000000e+03
9.020000000000000000e+03
9.021000000000000000e+03
9.036000000000000000e+03
9.044000000000000000e+03
9.046000000000000000e+03
9.056000000000000000e+03
9.058000000000000000e+03
9.059000000000000000e+03
9.060000000000000000e+03
9.061000000000000000e+03
9.062000000000000000e+03
9.068000000000000000e+03
9.071000000000000000e+03
9.072000000000000000e+03
9.085000000000000000e+03
9.087000000000000000e+03
9.090000000000000000e+03
9.091000000000000000e+03
9.093000000000000000e+03
9.095000000000000000e+03
9.098000000000000000e+03
9.099000000000000000e+03
9.100000000000000000e+03
9.101000000000000000e+03
9.102000000000000000e+03
9.103000000000000000e+03
9.104000000000000000e+03
9.105000000000000000e+03
9.106000000000000000e+03
9.111000000000000000e+03
9.112000000000000000e+03
9.116000000000000000e+03
9.117000000000000000e+03
9.120000000000000000e+03
9.122000000000000000e+03
9.128000000000000000e+03
9.129000000000000000e+03
9.132000000000000000e+03
9.134000000000000000e+03
9.135000000000000000e+03
9.137000000000000000e+03
9.142000000000000000e+03
9.144000000000000000e+03
9.146000000000000000e+03
9.147000000000000000e+03
9.152000000000000000e+03
9.154000000000000000e+03
9.160000000000000000e+03
9.162000000000000000e+03
9.168000000000000000e+03
9.169000000000000000e+03
9.180000000000000000e+03
9.182000000000000000e+03
9.183000000000000000e+03
9.188000000000000000e+03
9.189000000000000000e+03
9.194000000000000000e+03
9.197000000000000000e+03
9.198000000000000000e+03
9.202000000000000000e+03
9.203000000000000000e+03
9.205000000000000000e+03
9.206000000000000000e+03
9.215000000000000000e+03
9.218000000000000000e+03
9.219000000000000000e+03
9.222000000000000000e+03
9.226000000000000000e+03
9.237000000000000000e+03
9.240000000000000000e+03
9.243000000000000000e+03
9.256000000000000000e+03
9.259000000000000000e+03
9.263000000000000000e+03
9.264000000000000000e+03
9.266000000000000000e+03
9.269000000000000000e+03
9.272000000000000000e+03
9.273000000000000000e+03
9.276000000000000000e+03
9.279000000000000000e+03
9.287000000000000000e+03
9.288000000000000000e+03
9.290000000000000000e+03
9.293000000000000000e+03
9.298000000000000000e+03
9.302000000000000000e+03
9.310000000000000000e+03
9.311000000000000000e+03
9.316000000000000000e+03
9.326000000000000000e+03
9.335000000000000000e+03
9.353000000000000000e+03
9.354000000000000000e+03
9.361000000000000000e+03
9.363000000000000000e+03
9.364000000000000000e+03
9.365000000000000000e+03
9.366000000000000000e+03
9.369000000000000000e+03
9.373000000000000000e+03
9.375000000000000000e+03
9.378000000000000000e+03
9.379000000000000000e+03
9.387000000000000000e+03
9.413000000000000000e+03
9.419000000000000000e+03
9.420000000000000000e+03
9.428000000000000000e+03
9.449000000000000000e+03
9.450000000000000000e+03
9.451000000000000000e+03
9.453000000000000000e+03
9.455000000000000000e+03
9.457000000000000000e+03
9.460000000000000000e+03
9.464000000000000000e+03
9.465000000000000000e+03
9.471000000000000000e+03
9.472000000000000000e+03
9.473000000000000000e+03
9.474000000000000000e+03
9.478000000000000000e+03
9.484000000000000000e+03
9.490000000000000000e+03
9.491000000000000000e+03
9.492000000000000000e+03
9.493000000000000000e+03
9.495000000000000000e+03
9.496000000000000000e+03
9.500000000000000000e+03
9.505000000000000000e+03
9.506000000000000000e+03
9.507000000000000000e+03
9.508000000000000000e+03
9.511000000000000000e+03
9.512000000000000000e+03
9.513000000000000000e+03
9.519000000000000000e+03
9.521000000000000000e+03
9.527000000000000000e+03
9.528000000000000000e+03
9.531000000000000000e+03
9.534000000000000000e+03
9.535000000000000000e+03
9.538000000000000000e+03
9.539000000000000000e+03
9.546000000000000000e+03
9.550000000000000000e+03
9.553000000000000000e+03
9.555000000000000000e+03
9.558000000000000000e+03
9.560000000000000000e+03
9.562000000000000000e+03
9.563000000000000000e+03
9.567000000000000000e+03
9.569000000000000000e+03
9.570000000000000000e+03
9.571000000000000000e+03
9.573000000000000000e+03
9.580000000000000000e+03
9.586000000000000000e+03
9.587000000000000000e+03
9.592000000000000000e+03
9.597000000000000000e+03
9.604000000000000000e+03
9.618000000000000000e+03
9.625000000000000000e+03
9.629000000000000000e+03
9.630000000000000000e+03
9.634000000000000000e+03
9.637000000000000000e+03
9.644000000000000000e+03
9.647000000000000000e+03
9.650000000000000000e+03
9.651000000000000000e+03
9.652000000000000000e+03
9.654000000000000000e+03
9.655000000000000000e+03
9.656000000000000000e+03
9.657000000000000000e+03
9.658000000000000000e+03
9.662000000000000000e+03
9.664000000000000000e+03
9.665000000000000000e+03
9.670000000000000000e+03
9.671000000000000000e+03
9.672000000000000000e+03
9.673000000000000000e+03
9.674000000000000000e+03
9.682000000000000000e+03
9.686000000000000000e+03
9.688000000000000000e+03
9.690000000000000000e+03
9.692000000000000000e+03
9.693000000000000000e+03
9.694000000000000000e+03
9.696000000000000000e+03
9.698000000000000000e+03
9.699000000000000000e+03
9.700000000000000000e+03
9.701000000000000000e+03
9.703000000000000000e+03
9.705000000000000000e+03
9.707000000000000000e+03
9.709000000000000000e+03
9.718000000000000000e+03
9.732000000000000000e+03
9.740000000000000000e+03
9.752000000000000000e+03
9.759000000000000000e+03
9.773000000000000000e+03
9.794000000000000000e+03
9.798000000000000000e+03
9.818000000000000000e+03
9.857000000000000000e+03
9.860000000000000000e+03
9.867000000000000000e+03
9.882000000000000000e+03
9.886000000000000000e+03
9.887000000000000000e+03
9.888000000000000000e+03
9.889000000000000000e+03
9.893000000000000000e+03
9.896000000000000000e+03
9.898000000000000000e+03
9.903000000000000000e+03
9.905000000000000000e+03
9.909000000000000000e+03
9.910000000000000000e+03
9.911000000000000000e+03
9.914000000000000000e+03
9.915000000000000000e+03
9.917000000000000000e+03
9.918000000000000000e+03
9.919000000000000000e+03
9.920000000000000000e+03
9.925000000000000000e+03
9.926000000000000000e+03
9.927000000000000000e+03
9.928000000000000000e+03
9.929000000000000000e+03
9.930000000000000000e+03
9.932000000000000000e+03
9.935000000000000000e+03
9.936000000000000000e+03
9.937000000000000000e+03
9.947000000000000000e+03
9.948000000000000000e+03
9.949000000000000000e+03
9.950000000000000000e+03
9.951000000000000000e+03
9.956000000000000000e+03
9.958000000000000000e+03
9.969000000000000000e+03
9.970000000000000000e+03
9.971000000000000000e+03
9.974000000000000000e+03
9.982000000000000000e+03
9.986000000000000000e+03
9.987000000000000000e+03
9.990000000000000000e+03
9.993000000000000000e+03
9.994000000000000000e+03
9.995000000000000000e+03
9.996000000000000000e+03
9.998000000000000000e+03
1.000000000000000000e+04
1.000100000000000000e+04
1.000300000000000000e+04
1.000400000000000000e+04
1.000900000000000000e+04
1.001000000000000000e+04
1.001300000000000000e+04
1.001600000000000000e+04
1.001700000000000000e+04
1.001800000000000000e+04
1.001900000000000000e+04
1.002300000000000000e+04
1.002400000000000000e+04
1.003700000000000000e+04
1.005300000000000000e+04
1.008800000000000000e+04
1.008900000000000000e+04
1.009400000000000000e+04
1.009900000000000000e+04
1.010400000000000000e+04
1.010800000000000000e+04
1.011600000000000000e+04
1.013200000000000000e+04
1.013500000000000000e+04
1.013800000000000000e+04
1.015000000000000000e+04
1.015200000000000000e+04
1.016300000000000000e+04
1.016800000000000000e+04
1.017300000000000000e+04
1.017600000000000000e+04
1.018200000000000000e+04
1.018600000000000000e+04
1.018900000000000000e+04
1.019000000000000000e+04
1.019600000000000000e+04
1.019700000000000000e+04
1.019800000000000000e+04
1.019900000000000000e+04
1.020000000000000000e+04
1.020100000000000000e+04
1.020600000000000000e+04
1.020900000000000000e+04
1.021800000000000000e+04
1.022100000000000000e+04
1.022300000000000000e+04
1.022800000000000000e+04
1.023800000000000000e+04
1.024200000000000000e+04
1.024500000000000000e+04
1.024900000000000000e+04
1.025000000000000000e+04
1.025200000000000000e+04
1.025400000000000000e+04
1.025900000000000000e+04
1.026100000000000000e+04
1.026200000000000000e+04
1.027400000000000000e+04
1.027500000000000000e+04
1.027600000000000000e+04
1.027900000000000000e+04
1.028100000000000000e+04
1.028300000000000000e+04
1.028400000000000000e+04
1.028800000000000000e+04
1.028900000000000000e+04
1.029000000000000000e+04
1.029200000000000000e+04
1.029800000000000000e+04
1.030100000000000000e+04
1.030200000000000000e+04
1.030300000000000000e+04
1.030400000000000000e+04
1.030800000000000000e+04
1.030900000000000000e+04
1.031300000000000000e+04
1.031400000000000000e+04
1.031600000000000000e+04
1.031700000000000000e+04
1.031800000000000000e+04
1.032100000000000000e+04
1.032200000000000000e+04
1.032400000000000000e+04
1.032600000000000000e+04
1.032700000000000000e+04
1.032800000000000000e+04
1.033200000000000000e+04
1.033500000000000000e+04
1.033600000000000000e+04
1.033700000000000000e+04
1.034200000000000000e+04
1.034400000000000000e+04
1.034800000000000000e+04
1.035000000000000000e+04
1.035400000000000000e+04
1.035700000000000000e+04
1.036400000000000000e+04
1.036500000000000000e+04
1.036900000000000000e+04
1.037000000000000000e+04
1.037200000000000000e+04
1.037300000000000000e+04
1.037400000000000000e+04
1.037500000000000000e+04
1.037700000000000000e+04
1.037800000000000000e+04
1.037900000000000000e+04
1.039100000000000000e+04
1.039300000000000000e+04
1.039500000000000000e+04
1.039700000000000000e+04
1.040200000000000000e+04
1.040500000000000000e+04
1.041500000000000000e+04
1.041600000000000000e+04
1.042800000000000000e+04
1.042900000000000000e+04
1.043500000000000000e+04
1.043700000000000000e+04
1.044400000000000000e+04
1.044800000000000000e+04
1.044900000000000000e+04
1.046600000000000000e+04
1.046800000000000000e+04
1.048400000000000000e+04
1.051000000000000000e+04
1.054000000000000000e+04
1.054200000000000000e+04
1.054500000000000000e+04
1.056200000000000000e+04
1.056600000000000000e+04
1.056700000000000000e+04
1.056900000000000000e+04
1.057200000000000000e+04
1.057500000000000000e+04
1.058000000000000000e+04
1.058100000000000000e+04
1.058200000000000000e+04
1.058300000000000000e+04
1.058400000000000000e+04
1.058500000000000000e+04
1.058700000000000000e+04
1.059200000000000000e+04
1.059300000000000000e+04
1.059400000000000000e+04
1.060000000000000000e+04
1.060400000000000000e+04
1.060800000000000000e+04
1.060900000000000000e+04
1.061200000000000000e+04
1.061800000000000000e+04
1.061900000000000000e+04
1.062100000000000000e+04
1.062900000000000000e+04
1.063000000000000000e+04
1.063700000000000000e+04
1.063900000000000000e+04
1.064000000000000000e+04
1.064100000000000000e+04
1.064200000000000000e+04
1.064400000000000000e+04
1.064500000000000000e+04
1.065300000000000000e+04
1.065400000000000000e+04
1.065500000000000000e+04
1.065800000000000000e+04
1.065900000000000000e+04
1.066000000000000000e+04
1.067600000000000000e+04
1.067700000000000000e+04
1.068000000000000000e+04
1.068100000000000000e+04
1.068200000000000000e+04
1.068400000000000000e+04
1.069400000000000000e+04
1.069500000000000000e+04
1.069600000000000000e+04
1.070300000000000000e+04
1.071400000000000000e+04
1.072100000000000000e+04
1.072500000000000000e+04
1.073800000000000000e+04
1.074000000000000000e+04
1.076100000000000000e+04
1.077800000000000000e+04
1.078800000000000000e+04
1.079200000000000000e+04
1.079300000000000000e+04
1.079400000000000000e+04
1.080500000000000000e+04
1.080800000000000000e+04
1.081700000000000000e+04
1.082400000000000000e+04
1.082500000000000000e+04
1.082600000000000000e+04
1.082700000000000000e+04
1.082900000000000000e+04
1.083000000000000000e+04
1.083400000000000000e+04
1.083500000000000000e+04
1.084100000000000000e+04
1.084600000000000000e+04
1.084700000000000000e+04
1.084900000000000000e+04
1.085100000000000000e+04
1.085800000000000000e+04
1.086000000000000000e+04
1.086200000000000000e+04
1.086400000000000000e+04
1.086600000000000000e+04
1.086700000000000000e+04
1.086800000000000000e+04
1.086900000000000000e+04
1.087000000000000000e+04
1.087100000000000000e+04
1.087300000000000000e+04
1.087500000000000000e+04
1.087700000000000000e+04
1.087900000000000000e+04
1.088500000000000000e+04
1.089400000000000000e+04
1.089500000000000000e+04
1.089700000000000000e+04
1.090200000000000000e+04
1.090400000000000000e+04
1.090500000000000000e+04
1.090600000000000000e+04
1.090700000000000000e+04
1.090800000000000000e+04
1.091100000000000000e+04
1.091400000000000000e+04
1.092400000000000000e+04
1.092600000000000000e+04
1.092700000000000000e+04
1.093300000000000000e+04
1.093400000000000000e+04
1.093500000000000000e+04
1.093600000000000000e+04
1.093800000000000000e+04
1.094400000000000000e+04
1.094900000000000000e+04
1.095100000000000000e+04
1.095400000000000000e+04
1.095500000000000000e+04
1.095700000000000000e+04
1.095800000000000000e+04
1.095900000000000000e+04
1.096400000000000000e+04
1.097000000000000000e+04
1.097200000000000000e+04
1.097300000000000000e+04
1.097600000000000000e+04
1.098200000000000000e+04
1.099500000000000000e+04
1.099700000000000000e+04
1.099900000000000000e+04
1.100400000000000000e+04
1.101300000000000000e+04
1.101600000000000000e+04
1.101700000000000000e+04
1.102000000000000000e+04
1.102200000000000000e+04
1.102700000000000000e+04
1.103300000000000000e+04
1.103400000000000000e+04
1.103700000000000000e+04
1.104200000000000000e+04
1.104400000000000000e+04
1.104600000000000000e+04
1.104900000000000000e+04
1.105300000000000000e+04
1.105500000000000000e+04
1.105600000000000000e+04
1.105800000000000000e+04
1.105900000000000000e+04
1.106000000000000000e+04
1.106400000000000000e+04
1.106600000000000000e+04
1.107000000000000000e+04
1.107400000000000000e+04
1.107500000000000000e+04
1.108800000000000000e+04
1.109000000000000000e+04
1.110100000000000000e+04
1.110400000000000000e+04
1.110700000000000000e+04
1.110900000000000000e+04
1.111100000000000000e+04
1.112100000000000000e+04
1.112600000000000000e+04
1.112900000000000000e+04
1.113000000000000000e+04
1.113100000000000000e+04
1.113200000000000000e+04
1.113700000000000000e+04
1.114300000000000000e+04
1.114400000000000000e+04
1.114700000000000000e+04
1.114800000000000000e+04
1.116600000000000000e+04
1.117000000000000000e+04
1.117200000000000000e+04
1.117400000000000000e+04
1.118200000000000000e+04
1.118400000000000000e+04
1.118500000000000000e+04
1.118700000000000000e+04
1.120100000000000000e+04
1.120300000000000000e+04
1.120600000000000000e+04
1.121000000000000000e+04
1.121600000000000000e+04
1.121700000000000000e+04
1.122300000000000000e+04
1.122600000000000000e+04
1.123100000000000000e+04
1.123800000000000000e+04
1.123900000000000000e+04
1.124000000000000000e+04
1.124400000000000000e+04
1.124700000000000000e+04
1.124800000000000000e+04
1.124900000000000000e+04
1.125100000000000000e+04
1.125200000000000000e+04
1.125500000000000000e+04
1.126300000000000000e+04
1.127500000000000000e+04
1.127600000000000000e+04
1.127700000000000000e+04
1.128800000000000000e+04
1.129700000000000000e+04
1.130200000000000000e+04
1.130400000000000000e+04
1.130500000000000000e+04
1.130700000000000000e+04
1.130800000000000000e+04
1.130900000000000000e+04
1.131300000000000000e+04
1.131400000000000000e+04
1.131900000000000000e+04
1.132000000000000000e+04
1.132900000000000000e+04
1.134300000000000000e+04
1.135300000000000000e+04
1.135800000000000000e+04
1.136300000000000000e+04
1.136500000000000000e+04
1.136700000000000000e+04
1.137000000000000000e+04
1.137400000000000000e+04
1.137500000000000000e+04
1.137600000000000000e+04
1.138400000000000000e+04
1.138900000000000000e+04
1.139300000000000000e+04
1.139500000000000000e+04
1.139600000000000000e+04
1.139900000000000000e+04
1.141100000000000000e+04
1.141200000000000000e+04
1.143900000000000000e+04
1.145000000000000000e+04
1.145700000000000000e+04
1.146400000000000000e+04
1.146600000000000000e+04
1.146700000000000000e+04
1.147400000000000000e+04
1.149900000000000000e+04
1.151100000000000000e+04
1.151700000000000000e+04
1.151900000000000000e+04
1.153800000000000000e+04
1.154400000000000000e+04
1.156100000000000000e+04
1.156800000000000000e+04
1.157100000000000000e+04
1.157300000000000000e+04
1.157800000000000000e+04
1.157900000000000000e+04
1.158200000000000000e+04
1.158700000000000000e+04
1.160500000000000000e+04
1.162200000000000000e+04
1.163100000000000000e+04
1.163500000000000000e+04
1.163900000000000000e+04
1.164900000000000000e+04
1.165200000000000000e+04
1.165500000000000000e+04
1.165700000000000000e+04
1.166400000000000000e+04
1.168800000000000000e+04
1.168900000000000000e+04
1.169400000000000000e+04
1.169700000000000000e+04
1.170000000000000000e+04
